7.5 0
7.31929 0.0512195
7.14293 0.102439
6.97082 0.153659
6.80285 0.204878
6.63894 0.256098
6.47897 0.307317
6.32286 0.358537
6.17051 0.409756
6.02183 0.460976
5.87673 0.512195
5.73513 0.563415
5.59694 0.614634
5.46208 0.665854
5.33047 0.717073
5.20203 0.768293
5.07669 0.819512
4.95436 0.870732
4.83499 0.921951
4.71849 0.973171
4.60479 1.02439
4.49384 1.07561
4.38556 1.12683
4.27989 1.17805
4.17677 1.22927
4.07613 1.28049
3.97791 1.33171
3.88206 1.38293
3.98646 1.43415
3.69724 1.48537
3.60815 1.53659
3.52121 1.5878
3.43637 1.63902
3.35357 1.69024
3.27276 1.74146
3.19391 1.79268
3.11695 1.8439
3.04184 1.89512
2.96855 1.94634
2.89702 1.99756
2.82722 2.04878
2.7591 2.1

