K 21F 21.1F 21.2F 21.3F 21.4F 21.5F 21.6F 21.7F 21.8F 21.9F 22F 22.1F 22.2F 22.3F 22.4F 22.5F 22.6F 22.7F 22.8F 22.9F 
0 0.680767 0.63382 0.583875 0.531128 0.475833 0.41831 0.358948 0.298217 0.236683 0.175047 0.114175 0.0427906 0.00871646 0.0147485 0.0607307 0.132313 0.193529 0.255236 0.316617 0.37702 
0.0801603 0.68446 0.637484 0.587448 0.534548 0.479039 0.421243 0.361553 0.300445 0.238494 0.176413 0.115078 0.0431322 0.00878634 0.0148667 0.0612144 0.133356 0.19503 0.257175 0.318962 0.379728 
0.160321 0.68818 0.641179 0.591056 0.538005 0.482282 0.424212 0.364192 0.302703 0.240331 0.177798 0.115995 0.0434788 0.00885725 0.0149866 0.0617052 0.134414 0.196553 0.259142 0.321338 0.38247 
0.240481 0.691927 0.644905 0.594697 0.541497 0.485561 0.427216 0.366863 0.304991 0.242193 0.179202 0.116924 0.0438305 0.00892919 0.0151082 0.0622031 0.135487 0.198097 0.261135 0.323745 0.385246 
0.320641 0.695699 0.64866 0.598371 0.545024 0.488876 0.430255 0.369568 0.307309 0.244079 0.180626 0.117867 0.0441872 0.00900218 0.0152316 0.0627081 0.136574 0.199662 0.263154 0.326183 0.388056 
0.400802 0.699496 0.652445 0.602077 0.548586 0.492226 0.433329 0.372305 0.309656 0.245991 0.18207 0.118823 0.044549 0.00907621 0.0153567 0.0632203 0.137678 0.201248 0.265201 0.328652 0.390899 
0.480962 0.703317 0.656257 0.605815 0.552181 0.495611 0.436437 0.375075 0.312032 0.247928 0.183533 0.119792 0.0449159 0.00915129 0.0154837 0.0637397 0.138796 0.202856 0.267273 0.331152 0.393776 
0.561122 0.70716 0.660096 0.609583 0.55581 0.49903 0.43958 0.377878 0.314439 0.249891 0.185015 0.120774 0.0452879 0.00922742 0.0156124 0.0642663 0.139929 0.204485 0.269373 0.333682 0.396686 
0.641283 0.711024 0.663962 0.613382 0.559472 0.502484 0.442758 0.380714 0.316875 0.251878 0.186518 0.12177 0.0456651 0.00930462 0.0157429 0.0648001 0.141078 0.206136 0.271499 0.336243 0.39963 
0.721443 0.714908 0.667853 0.617211 0.563166 0.505972 0.445969 0.383582 0.31934 0.253891 0.18804 0.12278 0.0460474 0.00938288 0.0158752 0.0653413 0.142243 0.207808 0.273651 0.338834 0.402607 
0.801603 0.718812 0.671768 0.621068 0.566892 0.509494 0.449214 0.386483 0.321836 0.255929 0.189582 0.123803 0.046435 0.00946222 0.0160093 0.0658898 0.143423 0.209502 0.275831 0.341456 0.405617 
0.881764 0.722734 0.675707 0.624953 0.570649 0.513049 0.452493 0.389416 0.32436 0.257992 0.191144 0.124839 0.0468278 0.00954264 0.0161452 0.0664457 0.144618 0.211217 0.278037 0.344109 0.40866 
0.961924 0.726673 0.679669 0.628865 0.574438 0.516636 0.455805 0.392382 0.326915 0.260081 0.192726 0.125889 0.0472258 0.00962414 0.016283 0.067009 0.145829 0.212955 0.280271 0.346792 0.411736 
1.04208 0.730628 0.683653 0.632805 0.578256 0.520256 0.45915 0.395379 0.329499 0.262196 0.194328 0.126953 0.0476291 0.00970674 0.0164226 0.0675798 0.147056 0.214714 0.282531 0.349506 0.414844 
1.12224 0.734598 0.687657 0.63677 0.582104 0.523909 0.462528 0.398409 0.332113 0.264336 0.19595 0.12803 0.0480378 0.00979044 0.0165641 0.068158 0.148299 0.216495 0.284818 0.352251 0.417985 
1.2024 0.738582 0.691681 0.64076 0.585981 0.527593 0.465939 0.401471 0.334756 0.266501 0.197593 0.129122 0.0484518 0.00987524 0.0167075 0.0687438 0.149557 0.218298 0.287132 0.355026 0.421158 
1.28257 0.742579 0.695725 0.644774 0.589887 0.531308 0.469383 0.404565 0.337429 0.268693 0.199256 0.130227 0.0488713 0.00996116 0.0168527 0.0693373 0.150831 0.220123 0.289473 0.357831 0.424364 
1.36273 0.746587 0.699786 0.648812 0.593821 0.535054 0.472859 0.40769 0.340131 0.27091 0.200939 0.131347 0.0492961 0.0100482 0.0169998 0.0699383 0.152122 0.22197 0.291841 0.360667 0.427602 
1.44289 0.750605 0.703864 0.652873 0.597782 0.538831 0.476366 0.410848 0.342864 0.273152 0.202643 0.13248 0.0497264 0.0101364 0.0171488 0.0705471 0.153428 0.223839 0.294236 0.363534 0.430872 
1.52305 0.754633 0.707958 0.656956 0.60177 0.542638 0.479906 0.414037 0.345625 0.275421 0.204367 0.133628 0.0501622 0.0102257 0.0172998 0.0711635 0.154751 0.225731 0.296658 0.366431 0.434173 
1.60321 0.758668 0.712068 0.661059 0.605784 0.546474 0.483477 0.417257 0.348417 0.277716 0.206112 0.13479 0.0506036 0.0103161 0.0174527 0.0717878 0.15609 0.227645 0.299108 0.369358 0.437507 
1.68337 0.762711 0.716191 0.665184 0.609824 0.55034 0.487079 0.420509 0.351238 0.280036 0.207878 0.135966 0.0510505 0.0104077 0.0176075 0.0724199 0.157445 0.229582 0.301585 0.372315 0.440872 
1.76353 0.766759 0.720327 0.669327 0.613888 0.554235 0.490712 0.423792 0.354088 0.282383 0.209664 0.137157 0.051503 0.0105005 0.0177643 0.0730599 0.158817 0.231541 0.304089 0.375303 0.444268 
1.84369 0.770812 0.724475 0.67349 0.617977 0.558158 0.494376 0.427106 0.356969 0.284756 0.211472 0.138362 0.0519611 0.0105945 0.017923 0.0737078 0.160205 0.233523 0.30662 0.378321 0.447696 
1.92385 0.774868 0.728635 0.67767 0.622089 0.562108 0.498071 0.430451 0.359878 0.287155 0.213301 0.139582 0.052425 0.0106896 0.0180838 0.0743637 0.16161 0.235528 0.309179 0.38137 0.451154 
2.00401 0.778926 0.732804 0.681867 0.626224 0.566087 0.501795 0.433827 0.362818 0.28958 0.215151 0.140816 0.0528945 0.0107859 0.0182465 0.0750277 0.163032 0.237555 0.311766 0.384448 0.454644 
2.08417 0.782985 0.736981 0.68608 0.630381 0.570092 0.505549 0.437234 0.365786 0.292031 0.217022 0.142065 0.0533699 0.0108834 0.0184113 0.0756997 0.164471 0.239606 0.314379 0.387557 0.458164 
2.16433 0.787043 0.741167 0.690309 0.63456 0.574123 0.509333 0.440671 0.368785 0.294509 0.218914 0.143329 0.053851 0.0109821 0.0185781 0.0763799 0.165926 0.241679 0.317021 0.390695 0.461714 
2.24449 0.7911 0.745359 0.694551 0.63876 0.57818 0.513146 0.444139 0.371813 0.297013 0.220828 0.144608 0.054338 0.011082 0.0187469 0.0770684 0.167399 0.243776 0.31969 0.393864 0.465295 
2.32465 0.795154 0.749557 0.698807 0.64298 0.582263 0.516988 0.447637 0.37487 0.299544 0.222763 0.145903 0.0548309 0.0111831 0.0189178 0.0777651 0.168888 0.245896 0.322386 0.397063 0.468906 
2.40481 0.799204 0.753759 0.703075 0.647218 0.58637 0.520858 0.451166 0.377957 0.302101 0.22472 0.147212 0.0553297 0.0112855 0.0190908 0.0784701 0.170395 0.248039 0.32511 0.400291 0.472547 
2.48497 0.803249 0.757964 0.707355 0.651476 0.590502 0.524757 0.454724 0.381073 0.304685 0.226699 0.148536 0.0558345 0.0113891 0.0192659 0.0791835 0.171919 0.250205 0.327862 0.40355 0.476218 
2.56513 0.807287 0.762172 0.711645 0.655751 0.594658 0.528683 0.458312 0.384219 0.307296 0.2287 0.149876 0.0563453 0.011494 0.0194431 0.0799054 0.173461 0.252395 0.330642 0.406838 0.479918 
2.64529 0.811316 0.76638 0.715944 0.660044 0.598837 0.532637 0.461929 0.387394 0.309933 0.230723 0.151231 0.0568621 0.0116001 0.0196224 0.0806358 0.17502 0.254609 0.333449 0.410156 0.483647 
2.72545 0.815337 0.770589 0.720252 0.664352 0.603038 0.536618 0.465576 0.390598 0.312598 0.232767 0.152602 0.0573851 0.0117076 0.0198039 0.0813748 0.176597 0.256846 0.336285 0.413503 0.487405 
2.80561 0.819347 0.774796 0.724568 0.668676 0.607261 0.540626 0.469253 0.393832 0.315289 0.234834 0.153989 0.0579143 0.0118163 0.0199876 0.0821224 0.178192 0.259107 0.339148 0.41688 0.491192 
2.88577 0.823345 0.779 0.72889 0.673015 0.611506 0.54466 0.472958 0.397095 0.318007 0.236923 0.155391 0.0584497 0.0119262 0.0201734 0.0828787 0.179804 0.261392 0.342039 0.420287 0.495007 
2.96593 0.827331 0.783201 0.733217 0.677367 0.615771 0.54872 0.476692 0.400387 0.320752 0.239035 0.156809 0.0589913 0.0120375 0.0203614 0.0836438 0.181435 0.263701 0.344957 0.423722 0.498851 
3.04609 0.831301 0.787397 0.737549 0.681733 0.620057 0.552805 0.480454 0.403708 0.323524 0.241169 0.158243 0.0595393 0.0121502 0.0205516 0.0844178 0.183083 0.266035 0.347904 0.427188 0.502723 
3.12625 0.835256 0.791586 0.741884 0.68611 0.624362 0.556916 0.484245 0.407058 0.326323 0.243326 0.159693 0.0600936 0.0122641 0.0207441 0.0852006 0.18475 0.268392 0.350879 0.430682 0.506622 
3.20641 0.839194 0.795769 0.746222 0.690499 0.628686 0.561051 0.488065 0.410437 0.329149 0.245505 0.161159 0.0606543 0.0123794 0.0209389 0.0859924 0.186435 0.270773 0.353882 0.434205 0.510548 
3.28657 0.843113 0.799943 0.750561 0.694898 0.633028 0.56521 0.491912 0.413845 0.332002 0.247707 0.162642 0.0612215 0.012496 0.0211359 0.0867933 0.188139 0.273179 0.356912 0.437757 0.514502 
3.36673 0.847012 0.804107 0.754899 0.699306 0.637387 0.569393 0.495786 0.417282 0.334883 0.249932 0.16414 0.0617951 0.012614 0.0213352 0.0876033 0.189861 0.27561 0.359971 0.441338 0.518482 
3.44689 0.850891 0.80826 0.759237 0.703723 0.641764 0.573599 0.499688 0.420748 0.337791 0.25218 0.165656 0.0623754 0.0127334 0.0215368 0.0884225 0.191601 0.278065 0.363058 0.444947 0.522489 
3.52705 0.854747 0.8124 0.763573 0.708147 0.646156 0.577828 0.503617 0.424242 0.340726 0.254451 0.167188 0.0629623 0.0128541 0.0217407 0.0892509 0.193361 0.280545 0.366172 0.448585 0.526521 
3.60721 0.858579 0.816528 0.767905 0.712578 0.650564 0.58208 0.507573 0.427765 0.343689 0.256746 0.168737 0.0635558 0.0129763 0.021947 0.0900886 0.195139 0.283049 0.369315 0.452252 0.53058 
3.68737 0.862386 0.82064 0.772234 0.717015 0.654986 0.586353 0.511556 0.431317 0.346678 0.259064 0.170302 0.0641561 0.0130998 0.0221557 0.0909358 0.196937 0.285578 0.372486 0.455946 0.534664 
3.76754 0.866166 0.824736 0.776556 0.721456 0.659422 0.590647 0.515564 0.434897 0.349696 0.261405 0.171885 0.0647632 0.0132248 0.0223668 0.0917924 0.198753 0.288132 0.375685 0.459669 0.538773 
3.8477 0.869919 0.828815 0.780872 0.725902 0.663871 0.594962 0.519599 0.438505 0.35274 0.26377 0.173485 0.0653771 0.0133513 0.0225803 0.0926586 0.200589 0.290712 0.378912 0.463419 0.542906 
3.92786 0.873642 0.832875 0.78518 0.730349 0.668333 0.599297 0.523659 0.442141 0.355813 0.266158 0.175101 0.0659979 0.0134791 0.0227962 0.0935344 0.202444 0.293316 0.382166 0.467198 0.547064 
4.00802 0.877335 0.836915 0.789479 0.734799 0.672806 0.603651 0.527744 0.445805 0.358912 0.268571 0.176736 0.0666256 0.0136085 0.0230146 0.09442 0.204319 0.295946 0.385449 0.471003 0.551245 
4.08818 0.880997 0.840934 0.793768 0.739249 0.677289 0.608025 0.531855 0.449497 0.36204 0.271007 0.178387 0.0672604 0.0137393 0.0232355 0.0953153 0.206213 0.2986 0.38876 0.474836 0.55545 
4.16834 0.884625 0.844931 0.798045 0.743698 0.681783 0.612417 0.535989 0.453217 0.365194 0.273467 0.180056 0.0679022 0.0138716 0.0234589 0.0962204 0.208127 0.301281 0.392099 0.478697 0.559678 
4.2485 0.888218 0.848903 0.80231 0.748147 0.686285 0.616827 0.540148 0.456964 0.368377 0.275951 0.181743 0.0685512 0.0140054 0.0236848 0.0971356 0.210061 0.303986 0.395465 0.482584 0.563929 
4.32866 0.891776 0.85285 0.806561 0.752592 0.690795 0.621253 0.544331 0.460739 0.371586 0.278459 0.183448 0.0692074 0.0141407 0.0239132 0.0980607 0.212015 0.306717 0.39886 0.486497 0.568202 
4.40882 0.895297 0.856771 0.810797 0.757034 0.695313 0.625697 0.548538 0.464541 0.374824 0.280992 0.18517 0.0698708 0.0142775 0.0241443 0.0989959 0.213989 0.309474 0.402282 0.490438 0.572496 
4.48898 0.898779 0.860665 0.815016 0.761472 0.699837 0.630156 0.552767 0.46837 0.378089 0.283549 0.186911 0.0705415 0.0144159 0.0243779 0.0999414 0.215983 0.312257 0.405732 0.494404 0.576811 
4.56914 0.902222 0.864529 0.819218 0.765904 0.704366 0.63463 0.557019 0.472226 0.381381 0.286131 0.18867 0.0712196 0.0145559 0.0246141 0.100897 0.217998 0.315065 0.40921 0.498396 0.581148 
4.6493 0.905624 0.868362 0.823401 0.770328 0.7089 0.639119 0.561293 0.476108 0.384701 0.288737 0.190447 0.0719052 0.0146974 0.024853 0.101863 0.220033 0.317899 0.412716 0.502414 0.585504 
4.72946 0.908983 0.872164 0.827564 0.774745 0.713438 0.643622 0.565589 0.480017 0.388048 0.291368 0.192242 0.0725982 0.0148405 0.0250946 0.10284 0.222089 0.320759 0.416249 0.506458 0.58988 
4.80962 0.912299 0.875934 0.831706 0.779153 0.717978 0.648138 0.569906 0.483953 0.391423 0.294023 0.194056 0.0732989 0.0149852 0.0253388 0.103827 0.224165 0.323645 0.41981 0.510526 0.594275 
4.88978 0.91557 0.879668 0.835826 0.78355 0.72252 0.652666 0.574243 0.487914 0.394825 0.296704 0.195889 0.0740071 0.0151315 0.0255858 0.104824 0.226262 0.326557 0.423398 0.51462 0.598689 
4.96994 0.918794 0.883368 0.839921 0.787936 0.727062 0.657206 0.578602 0.491901 0.398255 0.299409 0.19774 0.0747231 0.0152795 0.0258355 0.105833 0.22838 0.329496 0.427013 0.518738 0.60312 
5.0501 0.921972 0.88703 0.843991 0.792309 0.731604 0.661757 0.58298 0.495914 0.401712 0.30214 0.19961 0.0754468 0.0154291 0.026088 0.106852 0.23052 0.33246 0.430656 0.52288 0.607569 
5.13026 0.925101 0.890654 0.848035 0.796669 0.736145 0.666317 0.587377 0.499952 0.405197 0.304895 0.2015 0.0761784 0.0155804 0.0263432 0.107882 0.23268 0.335451 0.434326 0.527046 0.612035 
5.21042 0.92818 0.894239 0.852052 0.801013 0.740683 0.670887 0.591793 0.504015 0.408709 0.307676 0.203408 0.0769178 0.0157333 0.0266013 0.108923 0.234862 0.338468 0.438023 0.531236 0.616517 
5.29058 0.931209 0.897783 0.856039 0.805341 0.745219 0.675466 0.596227 0.508103 0.412248 0.310482 0.205336 0.0776653 0.015888 0.0268623 0.109975 0.237066 0.341511 0.441747 0.535449 0.621015 
5.37074 0.934185 0.901285 0.859996 0.809652 0.749749 0.680052 0.600679 0.512215 0.415814 0.313313 0.207283 0.0784207 0.0160443 0.0271261 0.111038 0.239291 0.34458 0.445498 0.539685 0.625528 
5.4509 0.937108 0.904744 0.863922 0.813944 0.754275 0.684645 0.605148 0.516352 0.419407 0.31617 0.20925 0.0791843 0.0162024 0.0273928 0.112112 0.241537 0.347677 0.449275 0.543943 0.630055 
5.53106 0.939977 0.908159 0.867815 0.818217 0.758793 0.689244 0.609634 0.520512 0.423027 0.319053 0.211237 0.079956 0.0163623 0.0276625 0.113198 0.243806 0.350799 0.453079 0.548223 0.634596 
5.61122 0.942789 0.911527 0.871674 0.822468 0.763304 0.693849 0.614136 0.524696 0.426675 0.321961 0.213243 0.080736 0.0165239 0.0279351 0.114295 0.246096 0.353948 0.45691 0.552525 0.63915 
5.69138 0.945546 0.914849 0.875498 0.826697 0.767807 0.698457 0.618653 0.528903 0.430349 0.324895 0.215269 0.0815244 0.0166872 0.0282106 0.115403 0.248409 0.357124 0.460766 0.556849 0.643716 
5.77154 0.948244 0.918123 0.879285 0.830903 0.772299 0.703069 0.623184 0.533133 0.43405 0.327854 0.217315 0.0823211 0.0168524 0.0284892 0.116523 0.250744 0.360326 0.464649 0.561193 0.648294 
5.8517 0.950884 0.921347 0.883034 0.835083 0.776781 0.707683 0.62773 0.537386 0.437777 0.330839 0.219382 0.0831263 0.0170194 0.0287709 0.117655 0.253101 0.363554 0.468558 0.565557 0.652882 
5.93186 0.953464 0.924521 0.886745 0.839238 0.781251 0.712299 0.632289 0.54166 0.441531 0.33385 0.221469 0.08394 0.0171882 0.0290556 0.118799 0.25548 0.36681 0.472492 0.569942 0.657481 
6.01202 0.955983 0.927643 0.890414 0.843366 0.785707 0.716916 0.636861 0.545957 0.445311 0.336887 0.223576 0.0847623 0.0173589 0.0293434 0.119955 0.257883 0.370092 0.476452 0.574346 0.662089 
6.09218 0.95844 0.930712 0.894043 0.847465 0.790149 0.721532 0.641445 0.550275 0.449118 0.33995 0.225704 0.0855933 0.0175314 0.0296343 0.121122 0.260307 0.3734 0.480438 0.578769 0.666705 
6.17234 0.960835 0.933727 0.897628 0.851534 0.794575 0.726147 0.646041 0.554614 0.452951 0.343039 0.227852 0.0864331 0.0177058 0.0299284 0.122302 0.262755 0.376735 0.484448 0.58321 0.67133 
6.25251 0.963166 0.936687 0.90117 0.855573 0.798985 0.730759 0.650647 0.558973 0.45681 0.346155 0.230021 0.0872817 0.0178821 0.0302257 0.123493 0.265226 0.380097 0.488483 0.587669 0.675961 
6.33267 0.965431 0.939591 0.904666 0.859579 0.803377 0.735368 0.655263 0.563353 0.460694 0.349296 0.232212 0.0881393 0.0180604 0.0305262 0.124698 0.267719 0.383485 0.492543 0.592146 0.680599 
6.41283 0.967632 0.942437 0.908115 0.863552 0.80775 0.739973 0.659888 0.567752 0.464605 0.352463 0.234423 0.0890058 0.0182405 0.03083 0.125914 0.270236 0.3869 0.496628 0.59664 0.685242 
6.49299 0.969766 0.945225 0.911517 0.86749 0.812103 0.744573 0.664521 0.57217 0.46854 0.355657 0.236656 0.0898814 0.0184227 0.031137 0.127143 0.272776 0.390342 0.500736 0.60115 0.68989 
6.57315 0.971832 0.947954 0.91487 0.871392 0.816434 0.749166 0.669162 0.576607 0.472502 0.358876 0.23891 0.0907661 0.0186068 0.0314473 0.128384 0.275339 0.39381 0.504869 0.605676 0.694541 
6.65331 0.973831 0.950622 0.918173 0.875256 0.820743 0.753752 0.67381 0.581063 0.476488 0.362122 0.241185 0.0916601 0.0187929 0.031761 0.129639 0.277926 0.397305 0.509025 0.610218 0.699195 
6.73347 0.97576 0.953229 0.921425 0.879083 0.825028 0.758329 0.678464 0.585536 0.480499 0.365395 0.243482 0.0925634 0.018981 0.0320781 0.130906 0.280536 0.400826 0.513204 0.614774 0.70385 
6.81363 0.97762 0.955773 0.924624 0.882869 0.829288 0.762897 0.683123 0.590026 0.484535 0.368693 0.245801 0.0934761 0.0191712 0.0323986 0.132185 0.283171 0.404374 0.517407 0.619343 0.708507 
6.89379 0.97941 0.958254 0.92777 0.886615 0.833521 0.767454 0.687787 0.594533 0.488595 0.372018 0.248141 0.0943982 0.0193634 0.0327225 0.133478 0.285828 0.407948 0.521632 0.623927 0.713164 
6.97395 0.981129 0.960671 0.930861 0.890318 0.837728 0.772 0.692454 0.599056 0.492679 0.375369 0.250504 0.0953299 0.0195578 0.0330499 0.134784 0.28851 0.411548 0.525879 0.628523 0.71782 
7.05411 0.982775 0.963022 0.933896 0.893979 0.841905 0.776532 0.697123 0.603595 0.496788 0.378747 0.252888 0.0962713 0.0197542 0.0333808 0.136103 0.291216 0.415175 0.530149 0.633131 0.722474 
7.13427 0.98435 0.965307 0.936875 0.897594 0.846053 0.781051 0.701795 0.608149 0.50092 0.38215 0.255295 0.0972223 0.0199527 0.0337153 0.137435 0.293946 0.418828 0.53444 0.63775 0.727126 
7.21443 0.985852 0.967525 0.939796 0.901164 0.850169 0.785555 0.706467 0.612717 0.505076 0.38558 0.257724 0.0981832 0.0201534 0.0340533 0.138781 0.2967 0.422507 0.538753 0.642381 0.731773 
7.29459 0.98728 0.969676 0.942657 0.904687 0.854253 0.790043 0.711139 0.617299 0.509254 0.389036 0.260176 0.0991539 0.0203562 0.034395 0.14014 0.299478 0.426212 0.543086 0.647021 0.736416 
7.37475 0.988634 0.971757 0.945459 0.908161 0.858303 0.794513 0.71581 0.621894 0.513456 0.392519 0.26265 0.100135 0.0205612 0.0347403 0.141513 0.302281 0.429943 0.54744 0.65167 0.741053 
7.45491 0.989914 0.97377 0.9482 0.911586 0.862319 0.798965 0.720479 0.626502 0.51768 0.396028 0.265146 0.101125 0.0207684 0.0350892 0.1429 0.305108 0.4337 0.551815 0.656329 0.745683 
7.53507 0.991119 0.975712 0.950878 0.914961 0.866299 0.803397 0.725146 0.631121 0.521927 0.399562 0.267666 0.102126 0.0209779 0.0354419 0.1443 0.30796 0.437483 0.556209 0.660994 0.750306 
7.61523 0.992248 0.977584 0.953494 0.918284 0.870241 0.807808 0.729808 0.635752 0.526195 0.403123 0.270208 0.103137 0.0211896 0.0357984 0.145714 0.310836 0.441291 0.560622 0.665667 0.754919 
7.69539 0.993302 0.979384 0.956046 0.921555 0.874145 0.812197 0.734466 0.640394 0.530485 0.40671 0.272774 0.104159 0.0214035 0.0361587 0.147143 0.313737 0.445125 0.565054 0.670347 0.759523 
7.77555 0.99428 0.981112 0.958533 0.924771 0.878009 0.816564 0.739118 0.645045 0.534797 0.410324 0.275362 0.105191 0.0216198 0.0365227 0.148585 0.316663 0.448984 0.569505 0.675031 0.764116 
7.85571 0.995181 0.982767 0.960955 0.927933 0.881832 0.820906 0.743763 0.649705 0.539129 0.413963 0.277974 0.106233 0.0218384 0.0368907 0.150042 0.319614 0.452869 0.573974 0.679721 0.768696 
7.93587 0.996006 0.984349 0.96331 0.931038 0.885613 0.825222 0.7484 0.654374 0.543482 0.417628 0.280609 0.107286 0.0220593 0.0372625 0.151513 0.32259 0.456778 0.57846 0.684414 0.773264 
8.01603 0.996754 0.985857 0.965597 0.934086 0.88935 0.829512 0.753028 0.65905 0.547854 0.421318 0.283268 0.108349 0.0222826 0.0376383 0.152998 0.32559 0.460713 0.582963 0.68911 0.777817 
8.09619 0.997424 0.987291 0.967817 0.937076 0.893044 0.833774 0.757646 0.663734 0.552247 0.425035 0.28595 0.109424 0.0225083 0.0380181 0.154498 0.328616 0.464672 0.587483 0.693809 0.782355 
8.17635 0.998018 0.98865 0.969967 0.940007 0.896691 0.838006 0.762253 0.668423 0.556659 0.428777 0.288656 0.110509 0.0227364 0.0384019 0.156013 0.331667 0.468656 0.592018 0.698508 0.786876 
8.25651 0.998534 0.989934 0.972048 0.942878 0.900292 0.842209 0.766848 0.673118 0.561089 0.432545 0.291385 0.111605 0.0229669 0.0387897 0.157543 0.334743 0.472664 0.596569 0.703208 0.79138 
8.33667 0.998972 0.991141 0.974058 0.945687 0.903844 0.846379 0.77143 0.677817 0.565538 0.436338 0.294138 0.112712 0.0231999 0.0391817 0.159087 0.337844 0.476697 0.601135 0.707908 0.795865 
8.41683 0.999333 0.992273 0.975998 0.948434 0.907348 0.850518 0.775998 0.68252 0.570006 0.440156 0.296916 0.11383 0.0234354 0.0395778 0.160646 0.340971 0.480753 0.605715 0.712606 0.800331 
8.49699 0.999616 0.993328 0.977865 0.951118 0.910801 0.854622 0.78055 0.687226 0.57449 0.444 0.299717 0.11496 0.0236733 0.039978 0.162221 0.344123 0.484834 0.610309 0.717302 0.804775 
8.57715 0.999822 0.994307 0.97966 0.953738 0.914202 0.858691 0.785086 0.691934 0.578992 0.447869 0.302542 0.1161 0.0239139 0.0403825 0.16381 0.3473 0.488937 0.614916 0.721994 0.809197 
8.65731 0.99995 0.995209 0.981382 0.956293 0.917551 0.862724 0.789605 0.696644 0.58351 0.451762 0.305392 0.117252 0.024157 0.0407912 0.165415 0.350503 0.493064 0.619535 0.726682 0.813596 
8.73747 1 0.996033 0.98303 0.958782 0.920846 0.866719 0.794104 0.701353 0.588044 0.455681 0.308266 0.118416 0.0244026 0.0412043 0.167036 0.353731 0.497215 0.624166 0.731365 0.81797 
8.81764 0.999973 0.99678 0.984605 0.961205 0.924087 0.870676 0.798584 0.706062 0.592593 0.459624 0.311164 0.119591 0.0246509 0.0416217 0.168672 0.356985 0.501387 0.628808 0.736042 0.822319 
8.8978 0.999869 0.997449 0.986104 0.96356 0.927272 0.874592 0.803043 0.710769 0.597157 0.463591 0.314087 0.120778 0.0249018 0.0420434 0.170323 0.360264 0.505583 0.633461 0.740711 0.82664 
8.97796 0.999688 0.998041 0.987529 0.965847 0.930399 0.878468 0.80748 0.715474 0.601736 0.467583 0.317034 0.121977 0.0251554 0.0424696 0.171991 0.363568 0.5098 0.638124 0.745373 0.830934 
9.05812 0.99943 0.998554 0.988878 0.968064 0.933469 0.882301 0.811893 0.720176 0.606329 0.471599 0.320006 0.123187 0.0254117 0.0429003 0.173674 0.366899 0.51404 0.642796 0.750025 0.835199 
9.13828 0.999095 0.99899 0.990151 0.970212 0.93648 0.886091 0.816282 0.724873 0.610934 0.475638 0.323002 0.124409 0.0256707 0.0433355 0.175373 0.370254 0.518301 0.647477 0.754667 0.839433 
9.21844 0.998684 0.999348 0.991348 0.97229 0.939431 0.889836 0.820646 0.729565 0.615553 0.479702 0.326023 0.125644 0.0259325 0.0437752 0.177088 0.373636 0.522583 0.652165 0.759297 0.843635 
9.2986 0.998197 0.999627 0.992468 0.974296 0.942321 0.893535 0.824982 0.734251 0.620183 0.483788 0.329069 0.126891 0.026197 0.0442196 0.17882 0.377042 0.526887 0.65686 0.763915 0.847805 
9.37876 0.997635 0.999829 0.993511 0.97623 0.945149 0.897188 0.829291 0.738929 0.624825 0.487898 0.33214 0.128149 0.0264643 0.0446686 0.180567 0.380475 0.531211 0.661562 0.76852 0.851941 
9.45892 0.996997 0.999954 0.994477 0.978092 0.947914 0.900792 0.833571 0.7436 0.629477 0.492031 0.335235 0.129421 0.0267345 0.0451223 0.182332 0.383933 0.535555 0.666269 0.77311 0.856042 
9.53908 0.996284 1 0.995366 0.979881 0.950616 0.904347 0.83782 0.748261 0.634139 0.496187 0.338356 0.130704 0.0270075 0.0455807 0.184112 0.387416 0.539919 0.67098 0.777685 0.860106 
9.61924 0.995497 0.999969 0.996177 0.981596 0.953253 0.907852 0.842038 0.752911 0.638811 0.500365 0.341502 0.132 0.0272834 0.0460439 0.185909 0.390925 0.544303 0.675696 0.782243 0.864133 
9.6994 0.994636 0.99986 0.99691 0.983237 0.955824 0.911305 0.846223 0.757551 0.643491 0.504565 0.344672 0.133309 0.0275622 0.046512 0.187723 0.394459 0.548705 0.680415 0.786784 0.868121 
9.77956 0.993702 0.999675 0.997566 0.984804 0.958329 0.914706 0.850375 0.762178 0.648179 0.508787 0.347868 0.13463 0.027844 0.0469849 0.189554 0.398019 0.553127 0.685136 0.791305 0.87207 
9.85972 0.992695 0.999412 0.998143 0.986295 0.960767 0.918053 0.854491 0.766792 0.652875 0.513031 0.351089 0.135965 0.0281288 0.0474627 0.191402 0.401604 0.557566 0.689858 0.795807 0.875977 
9.93988 0.991615 0.999073 0.998642 0.987711 0.963137 0.921345 0.858571 0.771391 0.657577 0.517296 0.354334 0.137312 0.0284165 0.0479455 0.193266 0.405214 0.562023 0.694582 0.800287 0.879842 
10.02 0.990463 0.998658 0.999063 0.989051 0.965439 0.924582 0.862614 0.775975 0.662285 0.521582 0.357605 0.138672 0.0287073 0.0484334 0.195148 0.408849 0.566498 0.699304 0.804745 0.883664 
10.1002 0.989241 0.998166 0.999406 0.990315 0.967671 0.927762 0.866619 0.780543 0.666997 0.525889 0.360902 0.140045 0.0290012 0.0489263 0.197047 0.41251 0.57099 0.704026 0.80918 0.887441 
10.1804 0.987948 0.9976 0.999672 0.991502 0.969832 0.930884 0.870583 0.785092 0.671714 0.530216 0.364223 0.141432 0.0292982 0.0494243 0.198964 0.416196 0.575498 0.708746 0.81359 0.891173 
10.2605 0.986585 0.996957 0.999859 0.992612 0.971923 0.933948 0.874507 0.789623 0.676435 0.534562 0.36757 0.142832 0.0295983 0.0499275 0.200898 0.419907 0.580022 0.713462 0.817975 0.894858 
10.3407 0.985153 0.996241 0.999968 0.993645 0.973943 0.936951 0.878389 0.794134 0.681157 0.538929 0.370941 0.144245 0.0299016 0.0504359 0.202849 0.423642 0.584561 0.718175 0.822333 0.898495 
10.4208 0.983652 0.99545 1 0.994601 0.97589 0.939894 0.882228 0.798623 0.685882 0.543314 0.374338 0.145672 0.030208 0.0509496 0.204818 0.427403 0.589116 0.722883 0.826663 0.902083 
10.501 0.982084 0.994585 0.999954 0.995479 0.977765 0.942775 0.886022 0.803091 0.690608 0.547719 0.37776 0.147112 0.0305177 0.0514686 0.206805 0.431188 0.593684 0.727586 0.830963 0.905621 
10.5812 0.980449 0.993647 0.999831 0.99628 0.979567 0.945594 0.889771 0.807536 0.695333 0.552141 0.381207 0.148566 0.0308307 0.051993 0.208809 0.434998 0.598267 0.732281 0.835234 0.909107 
10.6613 0.978748 0.992636 0.999631 0.997002 0.981294 0.948349 0.893473 0.811956 0.700058 0.556582 0.38468 0.150034 0.0311469 0.0525228 0.210832 0.438832 0.602863 0.736969 0.839473 0.912541 
10.7415 0.976981 0.991553 0.999355 0.997647 0.982948 0.95104 0.897128 0.81635 0.704781 0.56104 0.388177 0.151515 0.0314665 0.053058 0.212872 0.442691 0.607471 0.741648 0.843679 0.915922 
10.8216 0.97515 0.990399 0.999002 0.998214 0.984527 0.953666 0.900734 0.820718 0.709502 0.565515 0.3917 0.153011 0.0317894 0.0535988 0.214931 0.446574 0.612091 0.746318 0.847852 0.919249 
10.9018 0.973255 0.989174 0.998573 0.998702 0.986031 0.956226 0.90429 0.825058 0.714219 0.570006 0.395247 0.154521 0.0321158 0.0541452 0.217008 0.450481 0.616723 0.750977 0.85199 0.92252 
10.982 0.971297 0.987878 0.998068 0.999113 0.987459 0.958719 0.907795 0.829369 0.718932 0.574514 0.39882 0.156045 0.0324455 0.0546972 0.219103 0.454412 0.621366 0.755624 0.856092 0.925734 
11.0621 0.969278 0.986514 0.997488 0.999446 0.988811 0.961144 0.911247 0.83365 0.723639 0.579037 0.402418 0.157583 0.0327787 0.0552549 0.221216 0.458366 0.626019 0.760259 0.860156 0.928892 
11.1423 0.967197 0.98508 0.996833 0.999701 0.990087 0.963501 0.914647 0.8379 0.72834 0.583576 0.40604 0.159136 0.0331154 0.0558183 0.223348 0.462345 0.630682 0.764879 0.864183 0.93199 
11.2224 0.965056 0.983579 0.996104 0.999878 0.991287 0.965789 0.917993 0.842117 0.733034 0.588129 0.409687 0.160703 0.0334557 0.0563875 0.225499 0.466346 0.635353 0.769485 0.868169 0.935029 
11.3026 0.962856 0.98201 0.995301 0.999978 0.99241 0.968007 0.921283 0.846301 0.73772 0.592696 0.413359 0.162284 0.0337995 0.0569626 0.227668 0.470371 0.640033 0.774075 0.872115 0.938008 
11.3828 0.960598 0.980374 0.994425 1 0.993455 0.970155 0.924517 0.85045 0.742396 0.597277 0.417056 0.163881 0.034147 0.0575436 0.229856 0.474418 0.64472 0.778649 0.87602 0.940926 
11.4629 0.958282 0.978673 0.993476 0.999945 0.994424 0.972232 0.927695 0.854563 0.747063 0.60187 0.420777 0.165492 0.034498 0.0581305 0.232063 0.478489 0.649414 0.783204 0.879881 0.943781 
11.5431 0.95591 0.976907 0.992454 0.999813 0.995315 0.974237 0.930813 0.858639 0.751718 0.606476 0.424522 0.167117 0.0348528 0.0587235 0.234289 0.482582 0.654114 0.78774 0.883698 0.946574 
11.6232 0.953483 0.975077 0.991361 0.999605 0.996129 0.97617 0.933873 0.862677 0.756361 0.611094 0.428292 0.168758 0.0352112 0.0593225 0.236533 0.486697 0.65882 0.792256 0.88747 0.949302 
11.7034 0.951001 0.973184 0.990198 0.99932 0.996865 0.97803 0.936873 0.866676 0.760991 0.615722 0.432086 0.170414 0.0355735 0.0599277 0.238797 0.490834 0.66353 0.796751 0.891196 0.951966 
11.7836 0.948466 0.971229 0.988964 0.99896 0.997523 0.979817 0.939812 0.870634 0.765606 0.620362 0.435905 0.172085 0.0359395 0.0605391 0.24108 0.494993 0.668243 0.801223 0.894875 0.954564 
11.8637 0.945878 0.969212 0.98766 0.998523 0.998104 0.98153 0.942688 0.874551 0.770206 0.625011 0.439747 0.173771 0.0363093 0.0611567 0.243382 0.499174 0.67296 0.805672 0.898505 0.957096 
11.9439 0.943239 0.967134 0.986288 0.998012 0.998607 0.983169 0.945502 0.878425 0.77479 0.62967 0.443613 0.175473 0.036683 0.0617806 0.245703 0.503376 0.677679 0.810096 0.902085 0.959561 
12.024 0.94055 0.964997 0.984847 0.997426 0.999033 0.984734 0.948253 0.882256 0.779357 0.634337 0.447503 0.17719 0.0370606 0.0624109 0.248044 0.507598 0.6824 0.814495 0.905615 0.961958 
12.1042 0.937811 0.962802 0.983339 0.996765 0.999381 0.986223 0.950939 0.886041 0.783905 0.639012 0.451416 0.178922 0.0374422 0.0630476 0.250404 0.511842 0.687121 0.818867 0.909093 0.964286 
12.1844 0.935025 0.960548 0.981765 0.996031 0.999651 0.987637 0.95356 0.889781 0.788434 0.643694 0.455353 0.18067 0.0378278 0.0636908 0.252783 0.516106 0.691842 0.823211 0.912519 0.966545 
12.2645 0.93219 0.958238 0.980124 0.995224 0.999845 0.988975 0.956115 0.893473 0.792941 0.648383 0.459313 0.182434 0.0382173 0.0643406 0.255182 0.520389 0.696562 0.827526 0.915891 0.968734 
12.3447 0.92931 0.955872 0.978419 0.994344 0.999961 0.990238 0.958602 0.897117 0.797428 0.653078 0.463296 0.184214 0.038611 0.064997 0.257601 0.524692 0.70128 0.831811 0.919208 0.970853 
12.4248 0.926385 0.953451 0.976649 0.993391 1 0.991424 0.961023 0.900713 0.801891 0.657777 0.467302 0.186009 0.0390087 0.06566 0.260039 0.529015 0.705996 0.836064 0.922469 0.972901 
12.505 0.923415 0.950977 0.974816 0.992368 0.999963 0.992534 0.963375 0.904257 0.806331 0.662481 0.47133 0.18782 0.0394107 0.0663298 0.262497 0.533357 0.710707 0.840285 0.925674 0.974877 
12.5852 0.920402 0.948449 0.972921 0.991273 0.999849 0.993567 0.965659 0.907751 0.810745 0.667189 0.475381 0.189648 0.0398168 0.0670063 0.264975 0.537717 0.715414 0.844473 0.928821 0.976781 
12.6653 0.917348 0.94587 0.970964 0.990108 0.999659 0.994523 0.967873 0.911192 0.815134 0.671899 0.479454 0.191491 0.0402271 0.0676898 0.267472 0.542095 0.720116 0.848626 0.93191 0.978612 
12.7455 0.914252 0.94324 0.968946 0.988874 0.999393 0.995403 0.970016 0.91458 0.819495 0.676612 0.483549 0.193351 0.0406417 0.0683801 0.26999 0.546491 0.724811 0.852743 0.934939 0.98037 
12.8257 0.911116 0.940561 0.966869 0.98757 0.999052 0.996205 0.972089 0.917913 0.823828 0.681326 0.487666 0.195227 0.0410606 0.0690775 0.272527 0.550905 0.729498 0.856823 0.937908 0.982054 
12.9058 0.907942 0.937832 0.964733 0.986199 0.998636 0.996931 0.974091 0.921192 0.828132 0.68604 0.491804 0.197119 0.0414839 0.0697818 0.275084 0.555335 0.734178 0.860866 0.940815 0.983665 
12.986 0.90473 0.935056 0.962539 0.98476 0.998145 0.997579 0.976021 0.924413 0.832405 0.690753 0.495963 0.199028 0.0419116 0.0704933 0.277661 0.559782 0.738848 0.864869 0.94366 0.985201 
13.0661 0.901481 0.932234 0.960288 0.983255 0.99758 0.998151 0.977878 0.927578 0.836647 0.695466 0.500144 0.200953 0.0423438 0.071212 0.280258 0.564245 0.743508 0.868832 0.946443 0.986662 
13.1463 0.898197 0.929365 0.957981 0.981684 0.996942 0.998645 0.979663 0.930684 0.840856 0.700176 0.504344 0.202895 0.0427804 0.071938 0.282875 0.568723 0.748157 0.872753 0.949161 0.988048 
13.2265 0.894878 0.926453 0.95562 0.980047 0.99623 0.999062 0.981374 0.933732 0.845031 0.704883 0.508565 0.204853 0.0432216 0.0726712 0.285512 0.573217 0.752794 0.876633 0.951815 0.989359 
13.3066 0.891525 0.923496 0.953204 0.978347 0.995446 0.999403 0.983012 0.936719 0.849171 0.709587 0.512807 0.206828 0.0436674 0.0734119 0.288169 0.577725 0.757417 0.880468 0.954404 0.990594 
13.3868 0.88814 0.920498 0.950735 0.976583 0.99459 0.999667 0.984575 0.939646 0.853274 0.714285 0.517067 0.20882 0.0441178 0.0741599 0.290846 0.582247 0.762026 0.884259 0.956927 0.991754 
13.4669 0.884723 0.917458 0.948215 0.974757 0.993662 0.999854 0.986065 0.94251 0.857341 0.718978 0.521347 0.210829 0.0445729 0.0749155 0.293544 0.586783 0.76662 0.888005 0.959382 0.992837 
13.5471 0.881276 0.914377 0.945643 0.972869 0.992664 0.999965 0.987479 0.945313 0.86137 0.723665 0.525646 0.212855 0.0450327 0.0756787 0.296261 0.591332 0.771198 0.891704 0.961771 0.993844 
13.6273 0.8778 0.911258 0.943021 0.970921 0.991595 1 0.988819 0.948052 0.865359 0.728344 0.529964 0.214898 0.0454973 0.0764495 0.298998 0.595893 0.775759 0.895355 0.964091 0.994775 
13.7074 0.874295 0.9081 0.940351 0.968912 0.990457 0.999959 0.990083 0.950727 0.869308 0.733014 0.5343 0.216958 0.0459667 0.0772281 0.301756 0.600466 0.780301 0.898957 0.966343 0.99563 
13.7876 0.870762 0.904905 0.937633 0.966845 0.98925 0.999843 0.991272 0.953337 0.873215 0.737675 0.538654 0.219035 0.046441 0.0780144 0.304533 0.605051 0.784824 0.90251 0.968525 0.996408 
13.8677 0.867203 0.901674 0.934867 0.96472 0.987974 0.999651 0.992385 0.955881 0.877079 0.742326 0.543025 0.22113 0.0469202 0.0788086 0.307331 0.609646 0.789327 0.906011 0.970637 0.99711 
13.9479 0.863619 0.898407 0.932057 0.962538 0.986632 0.999385 0.993423 0.958359 0.8809 0.746966 0.547414 0.223242 0.0474044 0.0796108 0.310148 0.614252 0.793808 0.909461 0.972679 0.997736 
14.0281 0.860011 0.895107 0.929201 0.9603 0.985223 0.999045 0.994384 0.96077 0.884676 0.751593 0.551819 0.225371 0.0478936 0.0804209 0.312986 0.618867 0.798267 0.912858 0.97465 0.998285 
14.1082 0.856379 0.891774 0.926301 0.958007 0.983748 0.99863 0.99527 0.963114 0.888407 0.756207 0.55624 0.227517 0.0483878 0.0812391 0.315843 0.623491 0.802702 0.916201 0.976549 0.998757 
14.1884 0.852724 0.888409 0.923359 0.95566 0.982207 0.998142 0.996079 0.965389 0.89209 0.760807 0.560677 0.229681 0.0488872 0.0820655 0.318721 0.628124 0.807112 0.91949 0.978376 0.999154 
14.2685 0.849048 0.885013 0.920376 0.953259 0.980603 0.99758 0.996812 0.967595 0.895726 0.765391 0.56513 0.231862 0.0493917 0.0829001 0.321618 0.632764 0.811497 0.922723 0.980131 0.999474 
14.3487 0.845351 0.881587 0.917352 0.950807 0.978935 0.996947 0.997469 0.969732 0.899313 0.769959 0.569597 0.234061 0.0499015 0.0837429 0.324536 0.637411 0.815855 0.925899 0.981814 0.999719 
14.4289 0.841635 0.878132 0.914288 0.948304 0.977205 0.996241 0.998051 0.971799 0.90285 0.77451 0.574079 0.236277 0.0504165 0.0845941 0.327473 0.642065 0.820186 0.929018 0.983423 0.999888 
14.509 0.8379 0.874649 0.911186 0.94575 0.975413 0.995463 0.998556 0.973795 0.906336 0.779043 0.578574 0.238512 0.0509369 0.0854538 0.33043 0.646724 0.824487 0.932079 0.984958 0.999982 
14.5892 0.834148 0.871139 0.908046 0.943148 0.97356 0.994615 0.998985 0.975721 0.90977 0.783556 0.583083 0.240763 0.0514626 0.086322 0.333407 0.651388 0.828759 0.93508 0.98642 1 
14.6693 0.830378 0.867604 0.90487 0.940497 0.971647 0.993697 0.999339 0.977575 0.913151 0.78805 0.587605 0.243033 0.0519938 0.0871987 0.336403 0.656056 0.832999 0.938021 0.987808 0.999944 
14.7495 0.826593 0.864043 0.901659 0.937799 0.969675 0.992708 0.999617 0.979357 0.916479 0.792521 0.592139 0.24532 0.0525305 0.0880841 0.339419 0.660727 0.837207 0.940902 0.989121 0.999813 
14.8297 0.822792 0.860459 0.898414 0.935056 0.967645 0.991651 0.99982 0.981066 0.919752 0.796971 0.596684 0.247625 0.0530727 0.0889782 0.342455 0.665402 0.841382 0.94372 0.99036 0.999607 
14.9098 0.818977 0.856852 0.895135 0.932268 0.965557 0.990526 0.999947 0.982704 0.92297 0.801396 0.601241 0.249948 0.0536204 0.0898812 0.34551 0.670078 0.845523 0.946477 0.991524 0.999328 
14.99 0.815149 0.853223 0.891824 0.929435 0.963414 0.989333 1 0.984268 0.926131 0.805798 0.605809 0.252289 0.0541739 0.090793 0.348584 0.674755 0.849629 0.94917 0.992614 0.998976 
15.0701 0.811309 0.849572 0.888481 0.92656 0.961215 0.988073 0.999978 0.985759 0.929234 0.810173 0.610387 0.254647 0.054733 0.0917138 0.351678 0.679433 0.853698 0.951799 0.993628 0.998551 
15.1503 0.807457 0.845902 0.885109 0.923643 0.958962 0.986746 0.999882 0.987176 0.93228 0.814522 0.614974 0.257023 0.0552979 0.0926436 0.35479 0.68411 0.857729 0.954364 0.994567 0.998053 
15.2305 0.803594 0.842213 0.881708 0.920685 0.956655 0.985355 0.999712 0.98852 0.935266 0.818844 0.61957 0.259418 0.0558687 0.0935826 0.357922 0.688787 0.861722 0.956863 0.995432 0.997483 
15.3106 0.799721 0.838505 0.878278 0.917688 0.954297 0.983899 0.999469 0.989789 0.938192 0.823137 0.624174 0.26183 0.0564453 0.0945307 0.361073 0.693461 0.865676 0.959296 0.996221 0.996842 
15.3908 0.795839 0.83478 0.874821 0.914652 0.951886 0.982379 0.999152 0.990985 0.941058 0.8274 0.628785 0.26426 0.0570278 0.0954881 0.364243 0.698132 0.869589 0.961663 0.996935 0.99613 
15.4709 0.791949 0.831039 0.871338 0.911578 0.949426 0.980795 0.998763 0.992106 0.943863 0.831632 0.633404 0.266708 0.0576163 0.0964548 0.367431 0.7028 0.87346 0.963962 0.997574 0.995347 
15.5511 0.788051 0.827282 0.86783 0.908468 0.946916 0.97915 0.998301 0.993153 0.946605 0.835832 0.638029 0.269174 0.0582109 0.0974309 0.370638 0.707463 0.877289 0.966194 0.998138 0.994495 
15.6313 0.784147 0.82351 0.864297 0.905322 0.944358 0.977444 0.997768 0.994125 0.949284 0.839999 0.642659 0.271658 0.0588116 0.0984166 0.373863 0.71212 0.881073 0.968358 0.998627 0.993573 
15.7114 0.780236 0.819725 0.860741 0.902142 0.941752 0.975677 0.997164 0.995022 0.9519 0.844132 0.647294 0.27416 0.0594185 0.0994118 0.377106 0.716772 0.884814 0.970453 0.999042 0.992584 
15.7916 0.77632 0.815927 0.857164 0.898928 0.9391 0.97385 0.996489 0.995845 0.954451 0.84823 0.651933 0.276679 0.0600315 0.100417 0.380368 0.721416 0.888508 0.972478 0.999382 0.991526 
15.8717 0.772399 0.812116 0.853564 0.895681 0.936403 0.971965 0.995744 0.996594 0.956937 0.852293 0.656576 0.279217 0.0606509 0.101431 0.383647 0.726052 0.892156 0.974434 0.999647 0.990401 
15.9519 0.768475 0.808295 0.849945 0.892403 0.933662 0.970022 0.994929 0.997267 0.959358 0.856318 0.661222 0.281772 0.0612767 0.102456 0.386945 0.73068 0.895756 0.976319 0.999839 0.98921 
16.0321 0.764547 0.804463 0.846305 0.889095 0.930877 0.968022 0.994045 0.997867 0.961713 0.860304 0.665869 0.284345 0.0619088 0.10349 0.39026 0.735297 0.899308 0.978134 0.999956 0.987953 
16.1122 0.760617 0.800622 0.842648 0.885757 0.92805 0.965966 0.993094 0.998392 0.964 0.864252 0.670518 0.286936 0.0625475 0.104534 0.393592 0.739903 0.90281 0.979878 1 0.986632 
16.1924 0.756685 0.796771 0.838972 0.882391 0.925182 0.963856 0.992074 0.998843 0.966221 0.868159 0.675167 0.289545 0.0631927 0.105589 0.396941 0.744498 0.906261 0.98155 0.999971 0.985246 
16.2725 0.752752 0.792913 0.83528 0.878997 0.922274 0.961691 0.990988 0.999219 0.968373 0.872026 0.679816 0.292172 0.0638444 0.106653 0.400308 0.749081 0.909661 0.983151 0.999868 0.983796 
16.3527 0.748818 0.789047 0.831573 0.875577 0.919327 0.959473 0.989835 0.999522 0.970458 0.87585 0.684464 0.294816 0.0645029 0.107728 0.403691 0.753649 0.913009 0.98468 0.999694 0.982285 
16.4329 0.744885 0.785175 0.82785 0.872132 0.916342 0.957203 0.988617 0.999751 0.972473 0.87963 0.68911 0.297478 0.0651681 0.108813 0.407091 0.758203 0.916303 0.986137 0.999447 0.980711 
16.513 0.740952 0.781297 0.824113 0.868662 0.91332 0.954882 0.987335 0.999907 0.974419 0.883367 0.693753 0.300158 0.0658401 0.109909 0.410507 0.762742 0.919544 0.987522 0.999128 0.979077 
16.5932 0.737021 0.777414 0.820363 0.865168 0.910261 0.952511 0.985988 0.99999 0.976296 0.887058 0.698393 0.302855 0.066519 0.111014 0.413939 0.767264 0.922729 0.988833 0.998738 0.977382 
16.6733 0.733092 0.773527 0.8166 0.861652 0.907168 0.950091 0.984578 1 0.978103 0.890704 0.703028 0.30557 0.0672048 0.112131 0.417387 0.771768 0.925859 0.990073 0.998277 0.975628 
16.7535 0.729165 0.769636 0.812826 0.858114 0.90404 0.947622 0.983106 0.999938 0.979839 0.894302 0.707658 0.308302 0.0678976 0.113258 0.420851 0.776255 0.928931 0.991239 0.997746 0.973816 
16.8337 0.725241 0.765743 0.809041 0.854555 0.90088 0.945107 0.981572 0.999803 0.981504 0.897852 0.712282 0.311051 0.0685974 0.114396 0.42433 0.780722 0.931947 0.992332 0.997146 0.971947 
16.9138 0.721322 0.761847 0.805247 0.850977 0.897688 0.942545 0.979978 0.999597 0.983099 0.901353 0.7169 0.313818 0.0693044 0.115544 0.427824 0.785168 0.934904 0.993352 0.996476 0.970021 
16.994 0.717406 0.75795 0.801443 0.847379 0.894465 0.939938 0.978323 0.999319 0.984622 0.904804 0.721509 0.316602 0.0700186 0.116704 0.431333 0.789593 0.937803 0.9943 0.995737 0.96804 
17.0741 0.713495 0.754051 0.79763 0.843764 0.891212 0.937287 0.97661 0.998971 0.986073 0.908205 0.72611 0.319403 0.0707401 0.117874 0.434856 0.793996 0.940642 0.995174 0.994931 0.966004 
17.1543 0.70959 0.750153 0.793811 0.840132 0.887929 0.934593 0.974838 0.998552 0.987453 0.911553 0.730701 0.322221 0.071469 0.119055 0.438394 0.798375 0.94342 0.995975 0.994057 0.963914 
17.2345 0.70569 0.746254 0.789984 0.836483 0.884619 0.931857 0.973009 0.998064 0.988761 0.91485 0.735282 0.325056 0.0722052 0.120248 0.441945 0.80273 0.946137 0.996703 0.993117 0.961771 
17.3146 0.701797 0.742357 0.786151 0.83282 0.881282 0.92908 0.971124 0.997506 0.989997 0.918093 0.739852 0.327908 0.0729489 0.121451 0.44551 0.80706 0.948792 0.997358 0.99211 0.959577 
17.3948 0.69791 0.738461 0.782313 0.829141 0.877919 0.926263 0.969183 0.99688 0.991161 0.921281 0.74441 0.330776 0.0737002 0.122666 0.449088 0.811364 0.951386 0.99794 0.991038 0.957332 
17.4749 0.694031 0.734568 0.77847 0.82545 0.874531 0.923406 0.967188 0.996185 0.992253 0.924415 0.748954 0.333661 0.0744592 0.123893 0.452679 0.81564 0.953916 0.99845 0.989902 0.955037 
17.5551 0.69016 0.730677 0.774623 0.821745 0.871119 0.920512 0.965139 0.995423 0.993273 0.927493 0.753484 0.336563 0.0752258 0.125131 0.456283 0.819888 0.956382 0.998887 0.988701 0.952693 
17.6353 0.686297 0.72679 0.770774 0.818029 0.867684 0.917581 0.963037 0.994593 0.99422 0.930514 0.757999 0.339481 0.0760002 0.12638 0.459899 0.824106 0.958784 0.999251 0.987438 0.950301 
17.7154 0.682442 0.722906 0.766921 0.814301 0.864226 0.914614 0.960884 0.993698 0.995095 0.933478 0.762499 0.342415 0.0767824 0.127641 0.463526 0.828294 0.961122 0.999544 0.986112 0.947862 
17.7956 0.678596 0.719027 0.763067 0.810563 0.860747 0.911611 0.95868 0.992737 0.995897 0.936384 0.766981 0.345365 0.0775726 0.128914 0.467165 0.832451 0.963394 0.999765 0.984724 0.945378 
17.8758 0.67476 0.715153 0.759211 0.806816 0.857248 0.908575 0.956426 0.991711 0.996628 0.939231 0.771446 0.348331 0.0783708 0.130198 0.470816 0.836576 0.9656 0.999914 0.983276 0.942848 
17.9559 0.670934 0.711285 0.755355 0.80306 0.85373 0.905506 0.954123 0.99062 0.997286 0.942018 0.775892 0.351312 0.0791771 0.131494 0.474476 0.840667 0.96774 0.999993 0.981767 0.940275 
18.0361 0.667118 0.707422 0.751499 0.799296 0.850193 0.902405 0.951773 0.989466 0.997873 0.944746 0.780318 0.35431 0.0799915 0.132802 0.478147 0.844724 0.969814 1 0.9802 0.937658 
18.1162 0.663313 0.703566 0.747643 0.795525 0.846638 0.899273 0.949376 0.98825 0.998388 0.947412 0.784724 0.357322 0.0808141 0.134123 0.481828 0.848746 0.97182 0.999937 0.978574 0.935 
18.1964 0.659519 0.699716 0.743789 0.791747 0.843067 0.89611 0.946932 0.986971 0.998831 0.950018 0.789108 0.36035 0.0816451 0.135455 0.485519 0.852732 0.973759 0.999804 0.976891 0.932301 
18.2766 0.655736 0.695874 0.739937 0.787964 0.839479 0.892919 0.944444 0.985631 0.999202 0.952561 0.79347 0.363393 0.0824844 0.136799 0.489218 0.856681 0.97563 0.999601 0.975151 0.929562 
18.3567 0.651965 0.69204 0.736087 0.784175 0.835877 0.8897 0.941912 0.98423 0.999503 0.955041 0.797808 0.366451 0.0833322 0.138156 0.492926 0.860591 0.977433 0.999329 0.973355 0.926784 
18.4369 0.648206 0.688214 0.73224 0.780383 0.832261 0.886454 0.939337 0.98277 0.999733 0.957459 0.802121 0.369523 0.0841886 0.139525 0.496642 0.864462 0.979168 0.998988 0.971505 0.923968 
18.517 0.64446 0.684397 0.728397 0.776587 0.828631 0.883182 0.93672 0.981251 0.999892 0.959812 0.806409 0.37261 0.0850535 0.140907 0.500365 0.868294 0.980834 0.998579 0.969601 0.921115 
18.5972 0.640726 0.680589 0.724557 0.772787 0.824989 0.879884 0.934062 0.979674 0.999981 0.962102 0.810671 0.375711 0.0859272 0.142301 0.504096 0.872084 0.982431 0.998102 0.967643 0.918226 
18.6774 0.637005 0.676791 0.720723 0.768986 0.821335 0.876562 0.931365 0.97804 1 0.964327 0.814905 0.378826 0.0868097 0.143708 0.507833 0.875833 0.983958 0.997558 0.965634 0.915302 
18.7575 0.633298 0.673003 0.716893 0.765183 0.81767 0.873217 0.928628 0.97635 0.99995 0.966487 0.819111 0.381955 0.087701 0.145127 0.511577 0.879539 0.985417 0.996947 0.963574 0.912345 
18.8377 0.629604 0.669225 0.713069 0.761379 0.813995 0.86985 0.925854 0.974604 0.99983 0.968581 0.823288 0.385098 0.0886013 0.146559 0.515326 0.883201 0.986806 0.99627 0.961463 0.909354 
18.9178 0.625924 0.665457 0.709252 0.757575 0.810311 0.866461 0.923042 0.972804 0.999642 0.970609 0.827435 0.388253 0.0895106 0.148004 0.519081 0.886819 0.988125 0.995528 0.959303 0.906332 
18.998 0.622258 0.661701 0.705441 0.753771 0.806618 0.863052 0.920195 0.97095 0.999385 0.972571 0.83155 0.391422 0.090429 0.149462 0.52284 0.890391 0.989374 0.994722 0.957095 0.903278 
19.0782 0.618607 0.657956 0.701637 0.749968 0.802918 0.859624 0.917313 0.969043 0.999061 0.974467 0.835633 0.394604 0.0913566 0.150932 0.526603 0.893917 0.990554 0.993851 0.95484 0.900195 
19.1583 0.614971 0.654223 0.69784 0.746166 0.799211 0.856176 0.914396 0.967085 0.99867 0.976295 0.839683 0.397798 0.0922935 0.152416 0.530371 0.897396 0.991664 0.992916 0.952538 0.897083 
19.2385 0.611349 0.650502 0.694052 0.742367 0.795497 0.852711 0.911447 0.965075 0.998212 0.978056 0.8437 0.401004 0.0932398 0.153913 0.534141 0.900827 0.992704 0.991919 0.950191 0.893942 
19.3186 0.607743 0.646794 0.690272 0.73857 0.791778 0.849229 0.908466 0.963016 0.997688 0.97975 0.847681 0.404223 0.0941956 0.155423 0.537913 0.904209 0.993674 0.99086 0.9478 0.890775 
19.3988 0.604151 0.643098 0.686501 0.734776 0.788053 0.84573 0.905454 0.960908 0.997098 0.981376 0.851626 0.407453 0.0951609 0.156947 0.541688 0.907542 0.994574 0.989739 0.945365 0.887581 
19.479 0.600576 0.639415 0.682739 0.730986 0.784325 0.842217 0.902412 0.958751 0.996443 0.982935 0.855535 0.410694 0.0961358 0.158483 0.545464 0.910824 0.995405 0.988558 0.942887 0.884362 
19.5591 0.597016 0.635746 0.678987 0.727201 0.780593 0.838689 0.89934 0.956548 0.995724 0.984425 0.859406 0.413946 0.0971204 0.160034 0.549241 0.914055 0.996166 0.987317 0.940368 0.881119 
19.6393 0.593473 0.63209 0.675245 0.72342 0.776859 0.835148 0.896241 0.954298 0.994941 0.985847 0.863239 0.41721 0.0981148 0.161597 0.553018 0.917234 0.996857 0.986017 0.937809 0.877853 
19.7194 0.589945 0.628448 0.671513 0.719645 0.773122 0.831594 0.893114 0.952003 0.994095 0.987201 0.867032 0.420483 0.0991192 0.163175 0.556795 0.920361 0.997479 0.984659 0.93521 0.874564 
19.7996 0.586434 0.624821 0.667792 0.715875 0.769384 0.828028 0.889962 0.949664 0.993187 0.988486 0.870784 0.423767 0.100133 0.164766 0.56057 0.923434 0.998032 0.983243 0.932573 0.871254 
19.8798 0.58294 0.621208 0.664082 0.712111 0.765645 0.824451 0.886784 0.947282 0.992216 0.989703 0.874496 0.42706 0.101158 0.16637 0.564345 0.926453 0.998517 0.981771 0.929898 0.867923 
19.9599 0.579462 0.617609 0.660384 0.708355 0.761906 0.820863 0.883581 0.944857 0.991185 0.990851 0.878165 0.430363 0.102192 0.167989 0.568117 0.929418 0.998932 0.980243 0.927186 0.864573 
20.0401 0.576002 0.614026 0.656698 0.704605 0.758167 0.817266 0.880356 0.942391 0.990094 0.991931 0.881791 0.433675 0.103237 0.169621 0.571886 0.932327 0.999279 0.97866 0.924439 0.861204 
20.1202 0.572558 0.610457 0.653024 0.700864 0.754429 0.813661 0.877108 0.939885 0.988943 0.992942 0.885374 0.436996 0.104292 0.171267 0.575652 0.93518 0.999558 0.977023 0.921657 0.857816 
20.2004 0.569132 0.606904 0.649362 0.69713 0.750693 0.810047 0.873838 0.93734 0.987733 0.993885 0.888912 0.440325 0.105358 0.172928 0.579414 0.937977 0.999769 0.975333 0.918842 0.854412 
20.2806 0.565723 0.603367 0.645713 0.693405 0.746959 0.806426 0.870547 0.934755 0.986466 0.99476 0.892405 0.443662 0.106434 0.174602 0.583171 0.940716 0.999913 0.97359 0.915994 0.850992 
20.3607 0.562331 0.599845 0.642077 0.689689 0.743227 0.802798 0.867237 0.932134 0.985141 0.995566 0.895851 0.447007 0.107521 0.17629 0.586923 0.943397 0.99999 0.971796 0.913114 0.847556 
20.4409 0.558957 0.59634 0.638455 0.685982 0.739499 0.799165 0.863908 0.929476 0.98376 0.996304 0.899251 0.450359 0.108618 0.177993 0.590669 0.946021 1 0.969952 0.910203 0.844106 
20.521 0.555601 0.59285 0.634846 0.682285 0.735774 0.795526 0.860561 0.926782 0.982323 0.996975 0.902603 0.453718 0.109727 0.17971 0.594408 0.948585 0.999944 0.968058 0.907263 0.840642 
20.6012 0.552263 0.589377 0.631251 0.678598 0.732054 0.791883 0.857197 0.924054 0.980831 0.997577 0.905906 0.457083 0.110846 0.181441 0.598141 0.95109 0.999822 0.966115 0.904294 0.837165 
20.6814 0.548942 0.585921 0.627671 0.674922 0.728339 0.788237 0.853816 0.921293 0.979286 0.998113 0.90916 0.460454 0.111976 0.183187 0.601865 0.953535 0.999635 0.964124 0.901297 0.833677 
20.7615 0.54564 0.582481 0.624105 0.671256 0.724629 0.784587 0.850421 0.918499 0.977687 0.998581 0.912364 0.46383 0.113117 0.184947 0.60558 0.95592 0.999382 0.962087 0.898273 0.830177 
20.8417 0.542356 0.579058 0.620553 0.667602 0.720924 0.780935 0.84701 0.915673 0.976037 0.998982 0.915518 0.467212 0.11427 0.186721 0.609286 0.958244 0.999066 0.960003 0.895223 0.826666 
20.9218 0.53909 0.575652 0.617017 0.663959 0.717226 0.777281 0.843586 0.912817 0.974335 0.999316 0.91862 0.470598 0.115434 0.18851 0.612983 0.960507 0.998686 0.957874 0.892148 0.823146 
21.002 0.535843 0.572264 0.613496 0.660328 0.713535 0.773625 0.840148 0.90993 0.972582 0.999584 0.92167 0.473989 0.116609 0.190314 0.616668 0.962708 0.998242 0.955702 0.889049 0.819617 
21.0822 0.532614 0.568892 0.60999 0.65671 0.709851 0.76997 0.836699 0.907015 0.97078 0.999786 0.924668 0.477384 0.117796 0.192132 0.620343 0.964848 0.997736 0.953486 0.885926 0.816079 
21.1623 0.529403 0.565538 0.606499 0.653104 0.706175 0.766314 0.833238 0.904073 0.968929 0.999922 0.927612 0.480781 0.118994 0.193965 0.624005 0.966926 0.997168 0.951228 0.882781 0.812535 
21.2425 0.526212 0.562202 0.603025 0.64951 0.702507 0.762659 0.829767 0.901103 0.967031 0.999994 0.930503 0.484182 0.120204 0.195813 0.627654 0.968941 0.996538 0.948929 0.879615 0.808983 
21.3226 0.523038 0.558884 0.599566 0.64593 0.698847 0.759006 0.826285 0.898107 0.965086 1 0.933339 0.487585 0.121426 0.197676 0.631291 0.970893 0.995848 0.946589 0.876428 0.805426 
21.4028 0.519884 0.555583 0.596124 0.642364 0.695196 0.755354 0.822795 0.895087 0.963094 0.999942 0.93612 0.49099 0.122659 0.199553 0.634913 0.972782 0.995097 0.94421 0.873222 0.801863 
21.483 0.516748 0.5523 0.592698 0.638811 0.691555 0.751704 0.819296 0.892042 0.961058 0.99982 0.938846 0.494396 0.123905 0.201446 0.63852 0.974608 0.994287 0.941793 0.869996 0.798295 
21.5631 0.513631 0.549035 0.589289 0.635271 0.687923 0.748058 0.81579 0.888974 0.958978 0.999635 0.941516 0.497804 0.125163 0.203353 0.642112 0.976371 0.993419 0.939338 0.866753 0.794724 
21.6433 0.510533 0.545789 0.585896 0.631747 0.684301 0.744415 0.812277 0.885883 0.956854 0.999387 0.944129 0.501212 0.126433 0.205275 0.645688 0.97807 0.992492 0.936847 0.863493 0.791149 
21.7234 0.507454 0.54256 0.58252 0.628236 0.68069 0.740776 0.808758 0.882771 0.954689 0.999076 0.946685 0.50462 0.127715 0.207213 0.649247 0.979705 0.991508 0.93432 0.860216 0.787572 
21.8036 0.504394 0.53935 0.579161 0.624741 0.677089 0.737141 0.805233 0.879639 0.952482 0.998704 0.949183 0.508027 0.12901 0.209165 0.652788 0.981276 0.990467 0.931759 0.856924 0.783993 
21.8838 0.501353 0.536158 0.57582 0.62126 0.6735 0.733512 0.801704 0.876487 0.950235 0.99827 0.951624 0.511433 0.130317 0.211133 0.656311 0.982784 0.98937 0.929164 0.853618 0.780412 
21.9639 0.498331 0.532985 0.572495 0.617794 0.669923 0.729888 0.79817 0.873316 0.947948 0.997776 0.954007 0.514838 0.131637 0.213115 0.659815 0.984227 0.988218 0.926536 0.850298 0.776831 
22.0441 0.495328 0.52983 0.569188 0.614344 0.666357 0.72627 0.794633 0.870127 0.945623 0.997222 0.956331 0.51824 0.132969 0.215113 0.663299 0.985606 0.987012 0.923877 0.846964 0.773249 
22.1242 0.492344 0.526694 0.565899 0.610909 0.662803 0.722659 0.791094 0.866921 0.94326 0.996608 0.958595 0.52164 0.134314 0.217126 0.666764 0.986922 0.985753 0.921187 0.843619 0.769668 
22.2044 0.489379 0.523577 0.562627 0.607491 0.659262 0.719054 0.787552 0.863699 0.940861 0.995936 0.960801 0.525037 0.135673 0.219155 0.670207 0.988173 0.98444 0.918466 0.840262 0.766089 
22.2846 0.486433 0.520478 0.559374 0.604088 0.655733 0.715457 0.784009 0.860461 0.938426 0.995205 0.962947 0.52843 0.137044 0.221198 0.673628 0.98936 0.983076 0.915717 0.836895 0.76251 
22.3647 0.483507 0.517398 0.556138 0.600701 0.652218 0.711867 0.780465 0.857209 0.935957 0.994418 0.965033 0.531819 0.138428 0.223257 0.677027 0.990484 0.981661 0.91294 0.833518 0.758934 
22.4449 0.480599 0.514337 0.55292 0.597331 0.648716 0.708286 0.77692 0.853943 0.933453 0.993573 0.967059 0.535202 0.139826 0.225331 0.680404 0.991543 0.980195 0.910136 0.830131 0.755361 
22.5251 0.477711 0.511295 0.54972 0.593977 0.645227 0.704714 0.773376 0.850664 0.930917 0.992672 0.969024 0.538581 0.141237 0.227421 0.683756 0.992539 0.97868 0.907306 0.826737 0.751791 
22.6052 0.474841 0.508272 0.546538 0.59064 0.641753 0.70115 0.769833 0.847373 0.928349 0.991717 0.970929 0.541954 0.142661 0.229525 0.687084 0.993471 0.977117 0.90445 0.823335 0.748225 
22.6854 0.471991 0.505267 0.543375 0.58732 0.638293 0.697596 0.766292 0.844071 0.92575 0.990706 0.972773 0.54532 0.144099 0.231646 0.690387 0.99434 0.975505 0.90157 0.819925 0.744663 
22.7655 0.46916 0.502282 0.54023 0.584016 0.634847 0.694052 0.762752 0.840757 0.923121 0.989642 0.974556 0.54868 0.145551 0.233781 0.693664 0.995145 0.973847 0.898666 0.81651 0.741106 
22.8457 0.466348 0.499316 0.537103 0.58073 0.631415 0.690518 0.759216 0.837434 0.920463 0.988525 0.976278 0.552031 0.147016 0.235932 0.696915 0.995888 0.972143 0.89574 0.813089 0.737554 
22.9259 0.463556 0.496369 0.533995 0.577461 0.627999 0.686995 0.755682 0.834102 0.917777 0.987356 0.977939 0.555375 0.148496 0.238098 0.70014 0.996568 0.970394 0.892792 0.809664 0.734008 
23.006 0.460782 0.49344 0.530906 0.57421 0.624598 0.683483 0.752152 0.830762 0.915063 0.986135 0.979539 0.55871 0.149989 0.24028 0.703336 0.997185 0.968601 0.889824 0.806234 0.730468 
23.0862 0.458027 0.490531 0.527835 0.570976 0.621212 0.679982 0.748626 0.827413 0.912324 0.984864 0.981077 0.562036 0.151497 0.242477 0.706504 0.99774 0.966765 0.886835 0.802801 0.726935 
23.1663 0.455292 0.487641 0.524783 0.56776 0.617841 0.676492 0.745105 0.824058 0.909558 0.983543 0.982554 0.565352 0.153018 0.244689 0.709644 0.998234 0.964886 0.883827 0.799365 0.72341 
23.2465 0.452575 0.48477 0.521749 0.564561 0.614487 0.673014 0.74159 0.820697 0.906768 0.982173 0.98397 0.568657 0.154554 0.246917 0.712754 0.998666 0.962965 0.880801 0.795927 0.719892 
23.3267 0.449878 0.481918 0.518735 0.561381 0.611148 0.669549 0.73808 0.81733 0.903955 0.980754 0.985325 0.571952 0.156105 0.24916 0.715834 0.999036 0.961004 0.877758 0.792487 0.716382 
23.4068 0.447199 0.479085 0.515739 0.558218 0.607825 0.666096 0.734576 0.813958 0.901118 0.979289 0.986618 0.575235 0.157669 0.251419 0.718883 0.999346 0.959004 0.874698 0.789047 0.71288 
23.487 0.44454 0.476272 0.512762 0.555074 0.604519 0.662656 0.731078 0.810582 0.89826 0.977777 0.98785 0.578505 0.159249 0.253693 0.721901 0.999596 0.956965 0.871623 0.785606 0.709388 
23.5671 0.441899 0.473477 0.509804 0.551947 0.601229 0.65923 0.727588 0.807203 0.895381 0.976219 0.989021 0.581764 0.160843 0.255982 0.724888 0.999786 0.954887 0.868532 0.782165 0.705904 
23.6473 0.439278 0.470702 0.506865 0.548839 0.597956 0.655816 0.724106 0.80382 0.892482 0.974617 0.990132 0.585009 0.162453 0.258286 0.727842 0.999916 0.952773 0.865427 0.778725 0.702431 
23.7275 0.436675 0.467946 0.503946 0.54575 0.5947 0.652417 0.720631 0.800436 0.889563 0.97297 0.991181 0.58824 0.164077 0.260606 0.730763 0.999987 0.950623 0.862309 0.775287 0.698967 
23.8076 0.434091 0.465208 0.501045 0.542678 0.59146 0.649031 0.717165 0.79705 0.886626 0.971281 0.99217 0.591457 0.165716 0.262941 0.733651 1 0.948438 0.859179 0.771851 0.695514 
23.8878 0.431526 0.46249 0.498163 0.539626 0.588238 0.64566 0.713707 0.793663 0.883671 0.96955 0.993099 0.594659 0.167371 0.265292 0.736505 0.999955 0.946218 0.856036 0.768417 0.692071 
23.9679 0.42898 0.459791 0.4953 0.536592 0.585033 0.642303 0.710259 0.790275 0.880699 0.967777 0.993967 0.597845 0.169041 0.267657 0.739324 0.999852 0.943966 0.852883 0.764987 0.68864 
24.0481 0.426452 0.457111 0.492456 0.533576 0.581845 0.638961 0.70682 0.786888 0.877712 0.965964 0.994776 0.601016 0.170726 0.270038 0.742109 0.999693 0.941681 0.84972 0.76156 0.68522 
24.1283 0.423944 0.45445 0.489632 0.530579 0.578675 0.635633 0.703391 0.783502 0.874709 0.964112 0.995525 0.604169 0.172427 0.272433 0.744858 0.999477 0.939364 0.846547 0.758137 0.681812 
24.2084 0.421453 0.451808 0.486826 0.527601 0.575522 0.632321 0.699973 0.780117 0.871692 0.962221 0.996214 0.607306 0.174143 0.274844 0.747571 0.999205 0.937017 0.843365 0.754718 0.678417 
24.2886 0.418982 0.449185 0.48404 0.524642 0.572388 0.629024 0.696565 0.776734 0.868662 0.960293 0.996845 0.610425 0.175876 0.27727 0.750248 0.998878 0.93464 0.840176 0.751305 0.675033 
24.3687 0.416529 0.446581 0.481273 0.521702 0.569271 0.625743 0.693169 0.773353 0.865619 0.958327 0.997417 0.613526 0.177624 0.279711 0.752888 0.998497 0.932235 0.836979 0.747898 0.671662 
24.4489 0.414094 0.443996 0.478525 0.51878 0.566172 0.622478 0.689784 0.769976 0.862564 0.956326 0.99793 0.616608 0.179388 0.282167 0.755491 0.998062 0.929801 0.833775 0.744497 0.668305 
24.5291 0.411678 0.441429 0.475796 0.515878 0.563091 0.619229 0.68641 0.766602 0.859497 0.95429 0.998386 0.61967 0.181168 0.284638 0.758056 0.997573 0.927341 0.830566 0.741102 0.664961 
24.6092 0.409281 0.438882 0.473086 0.512994 0.560029 0.615996 0.683049 0.763232 0.856421 0.95222 0.998784 0.622713 0.182965 0.287123 0.760583 0.997032 0.924855 0.827352 0.737714 0.66163 
24.6894 0.406901 0.436353 0.470395 0.51013 0.556984 0.612779 0.6797 0.759867 0.853334 0.950117 0.999125 0.625735 0.184778 0.289624 0.763072 0.996439 0.922344 0.824133 0.734334 0.658313 
24.7695 0.40454 0.433844 0.467723 0.507284 0.553958 0.609579 0.676363 0.756507 0.850239 0.947981 0.99941 0.628737 0.186607 0.292139 0.765522 0.995795 0.919808 0.82091 0.730962 0.655011 
24.8497 0.402198 0.431353 0.465071 0.504458 0.550951 0.606396 0.67304 0.753152 0.847135 0.945814 0.999638 0.631717 0.188453 0.294668 0.767933 0.995101 0.917249 0.817684 0.727598 0.651722 
24.9299 0.399873 0.42888 0.462437 0.501651 0.547962 0.603229 0.66973 0.749804 0.844024 0.943617 0.999811 0.634675 0.190315 0.297213 0.770305 0.994357 0.914667 0.814455 0.724243 0.648449 
25.01 0.397567 0.426427 0.459823 0.498863 0.544992 0.60008 0.666434 0.746462 0.840907 0.94139 0.999928 0.637611 0.192194 0.299771 0.772637 0.993564 0.912064 0.811225 0.720897 0.64519 
25.0902 0.395279 0.423992 0.457227 0.496094 0.54204 0.596948 0.663151 0.743128 0.837783 0.939135 0.999991 0.640524 0.19409 0.302344 0.774929 0.992722 0.90944 0.807993 0.717561 0.641947 
25.1703 0.393008 0.421576 0.454651 0.493344 0.539107 0.593833 0.659882 0.7398 0.834654 0.936851 1 0.643413 0.196004 0.304932 0.77718 0.991833 0.906796 0.804761 0.714234 0.638718 
25.2505 0.390756 0.419178 0.452093 0.490613 0.536193 0.590735 0.656628 0.736481 0.83152 0.934541 0.999955 0.646279 0.197934 0.307533 0.779391 0.990898 0.904133 0.801529 0.710918 0.635506 
25.3307 0.388522 0.416799 0.449555 0.487902 0.533298 0.587656 0.653389 0.73317 0.828382 0.932205 0.999857 0.649121 0.199881 0.310149 0.781562 0.989916 0.901451 0.798297 0.707613 0.632309 
25.4108 0.386306 0.414438 0.447035 0.48521 0.530422 0.584594 0.650164 0.729868 0.825241 0.929844 0.999707 0.651937 0.201846 0.312779 0.783691 0.988889 0.898753 0.795067 0.704319 0.629128 
25.491 0.384107 0.412095 0.444535 0.482537 0.527564 0.58155 0.646955 0.726574 0.822097 0.927458 0.999505 0.654729 0.203828 0.315422 0.785779 0.987818 0.896037 0.791838 0.701036 0.625964 
25.5711 0.381926 0.409772 0.442053 0.479883 0.524726 0.578524 0.643761 0.723291 0.818952 0.925049 0.999252 0.657494 0.205828 0.31808 0.787825 0.986704 0.893306 0.788611 0.697765 0.622815 
25.6513 0.379763 0.407466 0.439591 0.477248 0.521907 0.575516 0.640582 0.720017 0.815804 0.922618 0.998949 0.660234 0.207846 0.320751 0.78983 0.985546 0.89056 0.785387 0.694506 0.619684 
25.7315 0.377618 0.405179 0.437147 0.474632 0.519107 0.572526 0.637419 0.716754 0.812656 0.920165 0.998596 0.662947 0.209881 0.323436 0.791793 0.984347 0.8878 0.782167 0.691259 0.616569 
25.8116 0.37549 0.40291 0.434722 0.472036 0.516326 0.569554 0.634273 0.713502 0.809508 0.917691 0.998193 0.665634 0.211934 0.326134 0.793715 0.983107 0.885026 0.778951 0.688025 0.613471 
25.8918 0.373379 0.400659 0.432315 0.469459 0.513564 0.566602 0.631142 0.71026 0.80636 0.915198 0.997742 0.668293 0.214005 0.328846 0.795594 0.981826 0.88224 0.775739 0.684804 0.61039 
25.9719 0.371286 0.398426 0.429928 0.466901 0.510822 0.563667 0.628028 0.70703 0.803214 0.912685 0.997244 0.670924 0.216095 0.331571 0.797431 0.980506 0.879442 0.772532 0.681597 0.607326 
26.0521 0.369211 0.396211 0.427559 0.464362 0.508098 0.560751 0.62493 0.703812 0.800069 0.910154 0.996698 0.673528 0.218202 0.334309 0.799226 0.979148 0.876633 0.76933 0.678403 0.60428 
26.1323 0.367152 0.394015 0.425209 0.461843 0.505394 0.557854 0.62185 0.700606 0.796926 0.907606 0.996106 0.676103 0.220328 0.33706 0.800979 0.977752 0.873814 0.766134 0.675223 0.601252 
26.2124 0.365111 0.391836 0.422877 0.459342 0.50271 0.554976 0.618786 0.697413 0.793785 0.905041 0.995469 0.678649 0.222472 0.339824 0.80269 0.976319 0.870985 0.762945 0.672058 0.598241 
26.2926 0.363088 0.389675 0.420564 0.456861 0.500044 0.552117 0.615739 0.694232 0.790648 0.90246 0.994786 0.681166 0.224635 0.3426 0.804358 0.97485 0.868148 0.759763 0.668907 0.595248 
26.3727 0.361081 0.387533 0.41827 0.454398 0.497398 0.549276 0.61271 0.691064 0.787515 0.899865 0.99406 0.683654 0.226817 0.345389 0.805984 0.973346 0.865303 0.756588 0.66577 0.592272 
26.4529 0.359092 0.385408 0.415994 0.451955 0.494772 0.546455 0.609698 0.68791 0.784387 0.897255 0.99329 0.686112 0.229017 0.348191 0.807568 0.971807 0.86245 0.753421 0.662649 0.589315 
26.5331 0.357119 0.3833 0.413737 0.449531 0.492165 0.543652 0.606703 0.68477 0.781263 0.894632 0.992478 0.688541 0.231236 0.351005 0.80911 0.970236 0.859591 0.750262 0.659543 0.586377 
26.6132 0.355164 0.381211 0.411498 0.447126 0.489577 0.540869 0.603727 0.681643 0.778144 0.891997 0.991624 0.690939 0.233474 0.353831 0.81061 0.968631 0.856726 0.747112 0.656452 0.583456 
26.6934 0.353225 0.379139 0.409277 0.44474 0.487008 0.538105 0.600768 0.678531 0.775032 0.88935 0.990729 0.693306 0.235731 0.356669 0.812067 0.966996 0.853855 0.743971 0.653377 0.580554 
26.7735 0.351303 0.377085 0.407075 0.442373 0.484459 0.53536 0.597828 0.675433 0.771926 0.886691 0.989794 0.695643 0.238007 0.359519 0.813483 0.965329 0.850981 0.74084 0.650318 0.577671 
26.8537 0.349398 0.375048 0.404891 0.440024 0.481929 0.532635 0.594905 0.672351 0.768826 0.884023 0.988819 0.697949 0.240303 0.36238 0.814856 0.963633 0.848102 0.737718 0.647276 0.574807 
26.9339 0.34751 0.373029 0.402726 0.437695 0.479419 0.529929 0.592001 0.669283 0.765734 0.881345 0.987806 0.700223 0.242618 0.365253 0.816188 0.961907 0.845221 0.734607 0.644249 0.571961 
27.014 0.345638 0.371027 0.400578 0.435385 0.476928 0.527243 0.589116 0.666231 0.76265 0.878659 0.986755 0.702466 0.244952 0.368137 0.817479 0.960154 0.842337 0.731507 0.64124 0.569134 
27.0942 0.343783 0.369043 0.398449 0.433094 0.474457 0.524576 0.586249 0.663194 0.759575 0.875964 0.985668 0.704678 0.247306 0.371033 0.818728 0.958373 0.839451 0.728418 0.638247 0.566326 
27.1743 0.341945 0.367076 0.396338 0.430821 0.472005 0.521928 0.5834 0.660173 0.756508 0.873263 0.984544 0.706858 0.24968 0.373939 0.819936 0.956566 0.836564 0.725341 0.635271 0.563537 
27.2545 0.340123 0.365126 0.394245 0.428568 0.469572 0.5193 0.580571 0.657168 0.75345 0.870555 0.983386 0.709005 0.252074 0.376857 0.821103 0.954733 0.833677 0.722275 0.632312 0.560768 
27.3347 0.338317 0.363193 0.39217 0.426333 0.467159 0.516692 0.57776 0.65418 0.750402 0.867841 0.982193 0.711121 0.254487 0.379784 0.822229 0.952876 0.83079 0.719222 0.629371 0.558017 
27.4148 0.336528 0.361278 0.390113 0.424117 0.464765 0.514103 0.574969 0.651208 0.747363 0.865122 0.980966 0.713205 0.25692 0.382723 0.823314 0.950995 0.827903 0.716181 0.626448 0.555286 
27.495 0.334755 0.35938 0.388074 0.421919 0.462391 0.511534 0.572196 0.648253 0.744336 0.862399 0.979707 0.715256 0.259374 0.385671 0.82436 0.949091 0.825018 0.713153 0.623542 0.552575 
27.5752 0.332998 0.357499 0.386053 0.419741 0.460035 0.508985 0.569443 0.645315 0.741319 0.859673 0.978416 0.717275 0.261848 0.38863 0.825365 0.947165 0.822135 0.710139 0.620654 0.549883 
27.6553 0.331258 0.355635 0.38405 0.417581 0.4577 0.506455 0.566709 0.642394 0.738313 0.856943 0.977095 0.719261 0.264342 0.391598 0.826331 0.945218 0.819255 0.707138 0.617784 0.54721 
27.7355 0.329533 0.353787 0.382064 0.415439 0.455384 0.503945 0.563995 0.639491 0.735319 0.854211 0.975743 0.721215 0.266856 0.394577 0.827257 0.94325 0.816378 0.704151 0.614933 0.544557 
27.8156 0.327825 0.351957 0.380096 0.413317 0.453087 0.501455 0.5613 0.636605 0.732337 0.851478 0.974362 0.723136 0.269391 0.397564 0.828144 0.941264 0.813504 0.701179 0.6121 0.541924 
27.8958 0.326133 0.350144 0.378147 0.411213 0.450809 0.498985 0.558625 0.633737 0.729368 0.848743 0.972953 0.725025 0.271947 0.400561 0.828993 0.939258 0.810635 0.698221 0.609285 0.539311 
27.976 0.324456 0.348347 0.376214 0.409127 0.448551 0.496535 0.555969 0.630887 0.726411 0.846009 0.971516 0.726881 0.274523 0.403567 0.829803 0.937235 0.807771 0.695278 0.60649 0.536718 
28.0561 0.322796 0.346567 0.3743 0.40706 0.446312 0.494104 0.553334 0.628056 0.723468 0.843274 0.970053 0.728705 0.27712 0.406582 0.830576 0.935195 0.804912 0.69235 0.603713 0.534144 
28.1363 0.321151 0.344804 0.372403 0.405012 0.444092 0.491694 0.550718 0.625242 0.720538 0.840541 0.968564 0.730495 0.279737 0.409605 0.831311 0.933139 0.802059 0.689438 0.600955 0.53159 
28.2164 0.319522 0.343058 0.370523 0.402982 0.441892 0.489303 0.548122 0.622447 0.717621 0.83781 0.967051 0.732254 0.282376 0.412637 0.832008 0.931068 0.799213 0.686542 0.598217 0.529057 
28.2966 0.317909 0.341328 0.368661 0.40097 0.439711 0.486932 0.545545 0.619671 0.714719 0.83508 0.965513 0.733979 0.285036 0.415678 0.832669 0.928983 0.796373 0.683661 0.595497 0.526543 
28.3768 0.316312 0.339614 0.366817 0.398977 0.437549 0.484581 0.54299 0.616914 0.711832 0.832354 0.963952 0.735673 0.287717 0.418726 0.833294 0.926884 0.793541 0.680797 0.592798 0.52405 
28.4569 0.31473 0.337918 0.36499 0.397002 0.435406 0.482251 0.540454 0.614175 0.708959 0.829631 0.96237 0.737334 0.290419 0.421782 0.833883 0.924772 0.790718 0.67795 0.590117 0.521577 
28.5371 0.313164 0.336237 0.36318 0.395045 0.433283 0.47994 0.537938 0.611456 0.706102 0.826912 0.960766 0.738963 0.293142 0.424846 0.834437 0.922648 0.787902 0.67512 0.587457 0.519124 
28.6172 0.311614 0.334573 0.361388 0.393107 0.431179 0.477649 0.535443 0.608756 0.70326 0.824198 0.959141 0.74056 0.295887 0.427917 0.834955 0.920514 0.785096 0.672306 0.584816 0.516691 
28.6974 0.310079 0.332926 0.359613 0.391187 0.429094 0.475378 0.532968 0.606076 0.700434 0.821489 0.957497 0.742124 0.298654 0.430995 0.83544 0.918369 0.782299 0.66951 0.582195 0.514278 
28.7776 0.308559 0.331294 0.357855 0.389285 0.427029 0.473127 0.530513 0.603415 0.697624 0.818786 0.955834 0.743657 0.301442 0.434081 0.83589 0.916214 0.779513 0.666732 0.579595 0.511886 
28.8577 0.307055 0.329679 0.356114 0.387402 0.424982 0.470896 0.528079 0.600775 0.69483 0.816089 0.954154 0.745159 0.304251 0.437173 0.836308 0.914051 0.776737 0.663971 0.577014 0.509515 
28.9379 0.305566 0.328081 0.354391 0.385536 0.422955 0.468685 0.525665 0.598154 0.692053 0.813399 0.952457 0.746629 0.307083 0.440271 0.836692 0.91188 0.773971 0.661229 0.574454 0.507163 
29.018 0.304093 0.326498 0.352684 0.383689 0.420947 0.466495 0.523272 0.595553 0.689294 0.810717 0.950743 0.748068 0.309936 0.443376 0.837044 0.909703 0.771218 0.658505 0.571914 0.504833 
29.0982 0.302635 0.324932 0.350995 0.38186 0.418958 0.464324 0.520899 0.592972 0.686551 0.808043 0.949014 0.749475 0.312811 0.446488 0.837365 0.907518 0.768476 0.6558 0.569395 0.502522 
29.1784 0.301192 0.323381 0.349323 0.380049 0.416988 0.462173 0.518548 0.590412 0.683826 0.805377 0.947271 0.750852 0.315708 0.449605 0.837655 0.905329 0.765746 0.653113 0.566896 0.500233 
29.2585 0.299764 0.321847 0.347668 0.378256 0.415037 0.460043 0.516217 0.587872 0.681119 0.802721 0.945515 0.752199 0.318627 0.452727 0.837914 0.903134 0.763029 0.650445 0.564418 0.497963 
29.3387 0.298351 0.320329 0.34603 0.376481 0.413105 0.457932 0.513906 0.585353 0.67843 0.800074 0.943745 0.753515 0.321569 0.455856 0.838143 0.900936 0.760326 0.647797 0.56196 0.495715 
29.4188 0.296954 0.318827 0.344409 0.374724 0.411192 0.455842 0.511617 0.582854 0.675759 0.797437 0.941964 0.754802 0.324532 0.458989 0.838343 0.898734 0.757636 0.645168 0.559524 0.493487 
29.499 0.295571 0.317341 0.342805 0.372985 0.409299 0.453771 0.509348 0.580376 0.673107 0.794811 0.940172 0.756058 0.327518 0.462128 0.838514 0.89653 0.75496 0.642559 0.557109 0.49128 
29.5792 0.294204 0.315871 0.341218 0.371264 0.407424 0.451721 0.5071 0.57792 0.670473 0.792196 0.93837 0.757286 0.330527 0.465271 0.838657 0.894325 0.752298 0.639969 0.554714 0.489094 
29.6593 0.292852 0.314416 0.339647 0.369561 0.405569 0.449691 0.504874 0.575484 0.667859 0.789593 0.936559 0.758484 0.333558 0.46842 0.838773 0.892118 0.749651 0.6374 0.552341 0.486928 
29.7395 0.291515 0.312978 0.338094 0.367875 0.403732 0.447681 0.502668 0.573069 0.665264 0.787002 0.934739 0.759654 0.336611 0.471572 0.838862 0.889911 0.74702 0.634851 0.549989 0.484783 
29.8196 0.290192 0.311555 0.336557 0.366208 0.401915 0.445691 0.500483 0.570676 0.662689 0.784423 0.932912 0.760796 0.339687 0.474729 0.838925 0.887705 0.744404 0.632322 0.547659 0.482659 
29.8998 0.288885 0.310149 0.335037 0.364559 0.400116 0.443722 0.49832 0.568305 0.660134 0.781858 0.931078 0.76191 0.342786 0.47789 0.838963 0.8855 0.741804 0.629814 0.54535 0.480556 
29.98 0.287592 0.308758 0.333534 0.362927 0.398337 0.441772 0.496178 0.565954 0.657599 0.779306 0.929238 0.762996 0.345908 0.481055 0.838976 0.883296 0.739221 0.627327 0.543062 0.478474 
30.0601 0.286315 0.307382 0.332048 0.361314 0.396577 0.439843 0.494056 0.563626 0.655084 0.776769 0.927393 0.764055 0.349052 0.484224 0.838965 0.881096 0.736654 0.624861 0.540797 0.476412 
30.1403 0.285052 0.306023 0.330578 0.359718 0.394835 0.437934 0.491957 0.561319 0.65259 0.774245 0.925543 0.765088 0.35222 0.487396 0.83893 0.878899 0.734104 0.622417 0.538553 0.474372 
30.2204 0.283804 0.304679 0.329126 0.35814 0.393113 0.436045 0.489878 0.559034 0.650116 0.771737 0.92369 0.766094 0.35541 0.490571 0.838873 0.876706 0.731573 0.619993 0.53633 0.472353 
30.3006 0.282571 0.303351 0.327689 0.356579 0.39141 0.434177 0.487821 0.556772 0.647664 0.769244 0.921835 0.767075 0.358624 0.49375 0.838794 0.874518 0.729059 0.617591 0.53413 0.470355 
30.3808 0.281353 0.302039 0.32627 0.355037 0.389725 0.432328 0.485785 0.554531 0.645232 0.766768 0.919978 0.768031 0.361861 0.496931 0.838694 0.872335 0.726563 0.615211 0.531951 0.468378 
30.4609 0.280149 0.300742 0.324867 0.353512 0.38806 0.4305 0.483771 0.552312 0.642823 0.764307 0.918119 0.768961 0.365121 0.500115 0.838574 0.870159 0.724086 0.612853 0.529795 0.466422 
30.5411 0.278961 0.299462 0.323481 0.352005 0.386413 0.428692 0.481778 0.550116 0.640435 0.761863 0.916261 0.769868 0.368404 0.503302 0.838433 0.867989 0.721628 0.610518 0.527661 0.464487 
30.6212 0.277787 0.298196 0.322112 0.350516 0.384786 0.426905 0.479807 0.547942 0.638068 0.759436 0.914403 0.770751 0.371711 0.506491 0.838274 0.865827 0.719189 0.608204 0.525549 0.462573 
30.7014 0.276627 0.296947 0.320759 0.349045 0.383178 0.425138 0.477858 0.545791 0.635724 0.757027 0.912546 0.77161 0.375041 0.509683 0.838097 0.863674 0.71677 0.605913 0.52346 0.460681 
30.7816 0.275483 0.295713 0.319423 0.347591 0.381588 0.423391 0.47593 0.543662 0.633403 0.754636 0.910692 0.772447 0.378395 0.512877 0.837902 0.861529 0.714372 0.603645 0.521392 0.45881 
30.8617 0.274353 0.294494 0.318103 0.346156 0.380018 0.421665 0.474024 0.541557 0.631104 0.752264 0.908841 0.773262 0.381772 0.516073 0.837691 0.859393 0.711993 0.601399 0.519348 0.45696 
30.9419 0.273238 0.293291 0.3168 0.344738 0.378467 0.419959 0.472139 0.539474 0.628827 0.74991 0.906993 0.774055 0.385174 0.51927 0.837464 0.857268 0.709635 0.599177 0.517326 0.455132 
31.022 0.272138 0.292104 0.315514 0.343338 0.376935 0.418273 0.470277 0.537414 0.626574 0.747576 0.90515 0.774828 0.388599 0.52247 0.837221 0.855154 0.707299 0.596977 0.515327 0.453325 
31.1022 0.271052 0.290933 0.314245 0.341955 0.375422 0.416608 0.468436 0.535377 0.624344 0.745261 0.903312 0.77558 0.392048 0.525671 0.836964 0.853052 0.704984 0.594801 0.51335 0.45154 
31.1824 0.269982 0.289777 0.312992 0.340591 0.373928 0.414964 0.466618 0.533363 0.622137 0.742967 0.90148 0.776312 0.39552 0.528873 0.836694 0.850961 0.70269 0.592649 0.511397 0.449776 
31.2625 0.268925 0.288637 0.311755 0.339244 0.372453 0.41334 0.464821 0.531373 0.619954 0.740693 0.899655 0.777025 0.399017 0.532078 0.836411 0.848884 0.700419 0.59052 0.509466 0.448034 
31.3427 0.267884 0.287512 0.310536 0.337915 0.370997 0.411737 0.463047 0.529406 0.617795 0.73844 0.897838 0.77772 0.402538 0.535283 0.836116 0.84682 0.69817 0.588416 0.507559 0.446313 
31.4228 0.266857 0.286403 0.309333 0.336604 0.36956 0.410154 0.461295 0.527463 0.615659 0.736208 0.896029 0.778397 0.406084 0.538489 0.83581 0.84477 0.695944 0.586335 0.505674 0.444614 
31.503 0.265846 0.28531 0.308147 0.335311 0.368143 0.408592 0.459565 0.525543 0.613548 0.733998 0.89423 0.779056 0.409653 0.541697 0.835494 0.842735 0.693741 0.584279 0.503813 0.442937 
31.5832 0.264849 0.284232 0.306977 0.334035 0.366745 0.407051 0.457857 0.523647 0.611462 0.73181 0.89244 0.779699 0.413247 0.544906 0.835169 0.840715 0.691561 0.582247 0.501976 0.441282 
31.6633 0.263866 0.283171 0.305824 0.332778 0.365366 0.40553 0.456172 0.521775 0.6094 0.729645 0.890661 0.780327 0.416865 0.548116 0.834834 0.838711 0.689406 0.580239 0.500162 0.439649 
31.7435 0.262899 0.282125 0.304689 0.331538 0.364007 0.40403 0.454509 0.519927 0.607363 0.727503 0.888894 0.780939 0.420508 0.551327 0.834492 0.836724 0.687274 0.578257 0.498371 0.438037 
31.8236 0.261946 0.281094 0.303569 0.330317 0.362667 0.402552 0.452869 0.518104 0.605351 0.725384 0.887139 0.781537 0.424176 0.554539 0.834143 0.834755 0.685167 0.576299 0.496604 0.436448 
31.9038 0.261009 0.28008 0.302467 0.329114 0.361346 0.401094 0.451251 0.516304 0.603365 0.723289 0.885396 0.782121 0.427868 0.557751 0.833788 0.832803 0.683084 0.574367 0.494861 0.434881 
31.984 0.260086 0.279081 0.301382 0.327928 0.360044 0.399657 0.449656 0.51453 0.601404 0.721218 0.883668 0.782692 0.431585 0.560965 0.833428 0.83087 0.681027 0.57246 0.493143 0.433336 
32.0641 0.259178 0.278098 0.300313 0.326761 0.358763 0.398241 0.448084 0.512779 0.599469 0.719172 0.881954 0.783252 0.435327 0.56418 0.833063 0.828956 0.678995 0.570579 0.491448 0.431813 
32.1443 0.258285 0.277131 0.299262 0.325612 0.3575 0.396847 0.446535 0.511054 0.59756 0.717151 0.880256 0.783799 0.439094 0.567395 0.832695 0.827063 0.676989 0.568723 0.489777 0.430313 
32.2244 0.257408 0.27618 0.298227 0.324481 0.356258 0.395473 0.445009 0.509353 0.595678 0.715155 0.878573 0.784336 0.442887 0.570611 0.832324 0.825189 0.675009 0.566894 0.488131 0.428835 
32.3046 0.256545 0.275245 0.297209 0.323369 0.355035 0.394121 0.443506 0.507677 0.593822 0.713185 0.876907 0.784863 0.446704 0.573829 0.831952 0.823337 0.673055 0.56509 0.486509 0.42738 
32.3848 0.255697 0.274326 0.296209 0.322274 0.353832 0.392791 0.442027 0.506027 0.591992 0.711241 0.875259 0.785381 0.450547 0.577047 0.831578 0.821506 0.671129 0.563313 0.484912 0.425947 
32.4649 0.254865 0.273423 0.295226 0.321199 0.352648 0.391482 0.44057 0.504402 0.59019 0.709324 0.873629 0.785891 0.454415 0.580267 0.831205 0.819698 0.669229 0.561563 0.483339 0.424538 
32.5451 0.254048 0.272536 0.29426 0.320141 0.351485 0.390194 0.439137 0.502802 0.588415 0.707434 0.872019 0.786394 0.458309 0.583488 0.830833 0.817913 0.667357 0.559839 0.481791 0.423151 
32.6253 0.253246 0.271666 0.293311 0.319102 0.350341 0.388928 0.437728 0.501228 0.586667 0.705571 0.870428 0.786889 0.462229 0.586709 0.830462 0.816152 0.665513 0.558142 0.480269 0.421787 
32.7054 0.252459 0.270812 0.292379 0.318082 0.349218 0.387684 0.436343 0.49968 0.584947 0.703736 0.868858 0.787379 0.466174 0.589933 0.830094 0.814415 0.663697 0.556473 0.478771 0.420446 
32.7856 0.251688 0.269974 0.291465 0.31708 0.348115 0.386462 0.434981 0.498158 0.583255 0.70193 0.867309 0.787864 0.470146 0.593158 0.82973 0.812702 0.661909 0.554831 0.477299 0.419128 
32.8657 0.250932 0.269152 0.290569 0.316098 0.347032 0.385261 0.433643 0.496662 0.581591 0.700152 0.865783 0.788345 0.474144 0.596384 0.82937 0.811016 0.660151 0.553216 0.475853 0.417834 
32.9459 0.250192 0.268347 0.28969 0.315134 0.345969 0.384083 0.43233 0.495192 0.579956 0.698404 0.864279 0.788823 0.478167 0.599612 0.829016 0.809356 0.658422 0.55163 0.474432 0.416563 
33.0261 0.249468 0.267559 0.288829 0.314189 0.344927 0.382927 0.43104 0.493749 0.578349 0.696685 0.8628 0.789299 0.482218 0.602843 0.828668 0.807722 0.656722 0.550072 0.473037 0.415316 
33.1062 0.248759 0.266788 0.287986 0.313263 0.343905 0.381794 0.429775 0.492333 0.576772 0.694996 0.861345 0.789773 0.486294 0.606075 0.828328 0.806116 0.655053 0.548542 0.471668 0.414093 
33.1864 0.248067 0.266033 0.28716 0.312356 0.342904 0.380682 0.428535 0.490944 0.575224 0.693337 0.859915 0.790247 0.490398 0.60931 0.827996 0.804539 0.653414 0.547041 0.470326 0.412894 
33.2665 0.24739 0.265295 0.286353 0.311469 0.341924 0.379594 0.42732 0.489582 0.573706 0.69171 0.858511 0.790721 0.494528 0.612548 0.827674 0.80299 0.651806 0.545569 0.469009 0.411718 
33.3467 0.246729 0.264574 0.285563 0.310601 0.340965 0.378528 0.426129 0.488247 0.572217 0.690114 0.857135 0.791197 0.498686 0.615788 0.827361 0.801471 0.650229 0.544126 0.46772 0.410567 
33.4269 0.246084 0.26387 0.284792 0.309753 0.340027 0.377486 0.424964 0.48694 0.570759 0.68855 0.855786 0.791675 0.502871 0.619032 0.827061 0.799982 0.648684 0.542713 0.466457 0.409441 
33.507 0.245456 0.263183 0.284039 0.308924 0.33911 0.376466 0.423824 0.485661 0.569332 0.687019 0.854466 0.792157 0.507083 0.622279 0.826772 0.798525 0.647172 0.541329 0.465222 0.408339 
33.5872 0.244844 0.262514 0.283305 0.308115 0.338215 0.37547 0.422709 0.48441 0.567935 0.68552 0.853175 0.792643 0.511323 0.625529 0.826497 0.797099 0.645691 0.539976 0.464013 0.407262 
33.6673 0.244249 0.261863 0.28259 0.307326 0.337341 0.374497 0.42162 0.483188 0.56657 0.684055 0.851914 0.793134 0.515591 0.628784 0.826236 0.795705 0.644244 0.538653 0.462832 0.406209 
33.7475 0.24367 0.261229 0.281893 0.306557 0.336489 0.373547 0.420557 0.481994 0.565237 0.682623 0.850685 0.793632 0.519887 0.632043 0.82599 0.794344 0.64283 0.537361 0.46168 0.405182 
33.8277 0.243108 0.260612 0.281215 0.305809 0.335659 0.372622 0.41952 0.480829 0.563935 0.681226 0.849488 0.794137 0.524211 0.635308 0.825761 0.793017 0.64145 0.536099 0.460555 0.404181 
33.9078 0.242563 0.260014 0.280556 0.305081 0.334851 0.371721 0.41851 0.479693 0.562666 0.679864 0.848323 0.794651 0.528563 0.638577 0.825549 0.791725 0.640104 0.53487 0.459458 0.403205 
33.988 0.242036 0.259434 0.279916 0.304373 0.334065 0.370843 0.417526 0.478587 0.561429 0.678537 0.847193 0.795174 0.532945 0.641852 0.825356 0.790468 0.638793 0.533671 0.45839 0.402255 
34.0681 0.241525 0.258872 0.279296 0.303686 0.333301 0.369991 0.416569 0.47751 0.560225 0.677247 0.846097 0.795709 0.537355 0.645133 0.825182 0.789248 0.637517 0.532505 0.457351 0.401331 
34.1483 0.241032 0.258328 0.278696 0.303021 0.332561 0.369163 0.41564 0.476464 0.559055 0.675993 0.845036 0.796254 0.541795 0.648421 0.825029 0.788064 0.636277 0.531372 0.456341 0.400434 
34.2285 0.240557 0.257804 0.278115 0.302377 0.331843 0.36836 0.414738 0.475448 0.557919 0.674776 0.844013 0.796813 0.546265 0.651716 0.824898 0.786917 0.635074 0.530271 0.455361 0.399563 
34.3086 0.2401 0.257298 0.277555 0.301754 0.331148 0.367582 0.413863 0.474463 0.556818 0.673597 0.843026 0.797386 0.550764 0.655019 0.824789 0.78581 0.633907 0.529204 0.45441 0.398719 
34.3888 0.23966 0.256811 0.277014 0.301152 0.330477 0.36683 0.413017 0.473509 0.555751 0.672457 0.842078 0.797974 0.555294 0.65833 0.824705 0.784741 0.632778 0.52817 0.45349 0.397902 
34.4689 0.239239 0.256343 0.276494 0.300573 0.32983 0.366103 0.412199 0.472586 0.554719 0.671355 0.841169 0.798579 0.559854 0.661649 0.824646 0.783713 0.631687 0.52717 0.4526 0.397113 
34.5491 0.238837 0.255895 0.275995 0.300016 0.329206 0.365403 0.411409 0.471696 0.553723 0.670293 0.840301 0.799201 0.564445 0.664978 0.824614 0.782726 0.630634 0.526205 0.45174 0.396352 
34.6293 0.238453 0.255467 0.275517 0.299481 0.328607 0.364729 0.410649 0.470838 0.552764 0.669272 0.839474 0.799842 0.569068 0.668318 0.824609 0.78178 0.629621 0.525275 0.450913 0.395618 
34.7094 0.238088 0.255059 0.27506 0.298969 0.328032 0.364081 0.409918 0.470012 0.551841 0.668291 0.83869 0.800503 0.573722 0.671668 0.824633 0.780878 0.628647 0.52438 0.450116 0.394914 
34.7896 0.237742 0.254671 0.274625 0.29848 0.327482 0.363461 0.409217 0.46922 0.550955 0.667353 0.837949 0.801186 0.578408 0.675029 0.824687 0.780019 0.627714 0.523522 0.449352 0.394238 
34.8697 0.237416 0.254304 0.274211 0.298015 0.326957 0.362868 0.408545 0.468461 0.550107 0.666456 0.837253 0.801891 0.583127 0.678403 0.824772 0.779205 0.626822 0.522699 0.44862 0.393591 
34.9499 0.23711 0.253957 0.27382 0.297573 0.326457 0.362302 0.407905 0.467736 0.549298 0.665603 0.836602 0.802621 0.587878 0.68179 0.82489 0.778437 0.625972 0.521914 0.447922 0.392974 
35.0301 0.236824 0.253632 0.273451 0.297154 0.325983 0.361765 0.407295 0.467046 0.548527 0.664794 0.835998 0.803376 0.592663 0.68519 0.825043 0.777715 0.625164 0.521166 0.447256 0.392387 
35.1102 0.236558 0.253328 0.273104 0.296761 0.325536 0.361256 0.406717 0.466391 0.547796 0.66403 0.835442 0.804157 0.597482 0.688606 0.82523 0.777041 0.624399 0.520457 0.446625 0.391831 
35.1904 0.236313 0.253046 0.272781 0.296391 0.325115 0.360777 0.40617 0.465771 0.547105 0.663311 0.834936 0.804967 0.602335 0.692037 0.825454 0.776415 0.623679 0.519786 0.446027 0.391305 
35.2705 0.236089 0.252786 0.272481 0.296047 0.324721 0.360326 0.405656 0.465187 0.546456 0.662639 0.834479 0.805807 0.607223 0.695484 0.825716 0.775839 0.623003 0.519154 0.445465 0.390811 
35.3507 0.235887 0.252548 0.272206 0.295729 0.324354 0.359905 0.405175 0.464641 0.545847 0.662014 0.834075 0.806677 0.612146 0.698949 0.826018 0.775315 0.622372 0.518562 0.444938 0.390348 
35.4309 0.235706 0.252334 0.271954 0.295436 0.324015 0.359515 0.404727 0.464131 0.545281 0.661437 0.833723 0.80758 0.617105 0.702433 0.826361 0.774842 0.621788 0.518011 0.444447 0.389918 
35.511 0.235547 0.252143 0.271727 0.295169 0.323704 0.359155 0.404313 0.463659 0.544758 0.660909 0.833426 0.808518 0.6221 0.705936 0.826746 0.774422 0.621251 0.517502 0.443993 0.389521 
35.5912 0.235412 0.251975 0.271525 0.294929 0.323422 0.358827 0.403934 0.463226 0.544279 0.660431 0.833184 0.809491 0.627133 0.70946 0.827176 0.774057 0.620762 0.517034 0.443576 0.389157 
35.6713 0.235299 0.251832 0.271349 0.294717 0.32317 0.35853 0.403589 0.462832 0.543844 0.660005 0.832999 0.810502 0.632204 0.713006 0.827651 0.773748 0.620323 0.516609 0.443196 0.388828 
35.7515 0.23521 0.251713 0.271198 0.294532 0.322947 0.358266 0.40328 0.462478 0.543454 0.65963 0.832873 0.811552 0.637313 0.716574 0.828173 0.773496 0.619933 0.516228 0.442856 0.388532 
35.8317 0.235145 0.25162 0.271075 0.294375 0.322755 0.358035 0.403008 0.462165 0.543111 0.659309 0.832807 0.812643 0.642461 0.720167 0.828745 0.773302 0.619594 0.515891 0.442554 0.388272 
35.9118 0.235104 0.251552 0.270978 0.294247 0.322593 0.357837 0.402772 0.461893 0.542815 0.659042 0.832802 0.813776 0.647649 0.723786 0.829367 0.773167 0.619308 0.5156 0.442293 0.388048 
35.992 0.235088 0.251511 0.270909 0.294149 0.322463 0.357674 0.402574 0.461663 0.542567 0.658831 0.832861 0.814954 0.652877 0.727432 0.830041 0.773094 0.619074 0.515354 0.442072 0.387861 
36.0721 0.235099 0.251496 0.270868 0.29408 0.322365 0.357545 0.402415 0.461476 0.542368 0.658676 0.832984 0.816178 0.658148 0.731105 0.83077 0.773084 0.618895 0.515156 0.441892 0.387711 
36.1523 0.235135 0.251509 0.270856 0.294042 0.3223 0.357452 0.402295 0.461333 0.542219 0.65858 0.833174 0.81745 0.66346 0.734809 0.831555 0.773137 0.618771 0.515005 0.441755 0.387599 
36.2325 0.235198 0.25155 0.270873 0.294035 0.322269 0.357396 0.402215 0.461235 0.542121 0.658543 0.833432 0.818773 0.668816 0.738544 0.832398 0.773257 0.618703 0.514904 0.441662 0.387525 
36.3126 0.235289 0.251619 0.270921 0.294061 0.322272 0.357377 0.402176 0.461183 0.542075 0.658566 0.83376 0.820148 0.674216 0.742312 0.833301 0.773444 0.618694 0.514853 0.441612 0.387492 
36.3928 0.235407 0.251718 0.271 0.294119 0.322309 0.357395 0.402178 0.461177 0.542083 0.658651 0.83416 0.821577 0.679661 0.746114 0.834266 0.7737 0.618744 0.514853 0.441608 0.387499 
36.4729 0.235555 0.251847 0.27111 0.29421 0.322383 0.357453 0.402223 0.461219 0.542145 0.6588 0.834634 0.823062 0.685152 0.749952 0.835295 0.774027 0.618854 0.514905 0.441649 0.387547 
36.5531 0.235733 0.252007 0.271252 0.294336 0.322494 0.35755 0.402313 0.46131 0.542263 0.659014 0.835184 0.824606 0.69069 0.753829 0.83639 0.774426 0.619027 0.515011 0.441738 0.387638 
36.6333 0.235941 0.252199 0.271428 0.294498 0.322642 0.357688 0.402446 0.461452 0.542438 0.659295 0.835812 0.826212 0.696276 0.757745 0.837555 0.774901 0.619263 0.515171 0.441875 0.387772 
36.7134 0.23618 0.252423 0.271638 0.294695 0.322828 0.357868 0.402626 0.461644 0.542672 0.659644 0.83652 0.82788 0.701912 0.761703 0.83879 0.775452 0.619564 0.515388 0.442062 0.387951 
36.7936 0.236452 0.252681 0.271884 0.294929 0.323054 0.35809 0.402852 0.461889 0.542966 0.660063 0.837311 0.829615 0.707598 0.765705 0.840099 0.776082 0.619932 0.515662 0.442299 0.388175 
36.8737 0.236756 0.252973 0.272165 0.295201 0.323321 0.358357 0.403127 0.462188 0.543321 0.660555 0.838187 0.831418 0.713336 0.769753 0.841483 0.776793 0.620368 0.515995 0.442588 0.388446 
36.9539 0.237096 0.253301 0.272483 0.295513 0.32363 0.358668 0.403451 0.462541 0.543739 0.661119 0.83915 0.833292 0.719127 0.773848 0.842946 0.777587 0.620875 0.516389 0.442931 0.388765 
37.0341 0.23747 0.253665 0.27284 0.295865 0.323981 0.359026 0.403826 0.462952 0.544222 0.66176 0.840204 0.83524 0.724973 0.777994 0.844491 0.778467 0.621454 0.516844 0.443328 0.389133 
37.1142 0.237881 0.254067 0.273236 0.296258 0.324377 0.359431 0.404253 0.463421 0.544771 0.662479 0.84135 0.837264 0.730874 0.782192 0.846119 0.779434 0.622107 0.517363 0.443781 0.389552 
37.1944 0.23833 0.254509 0.273672 0.296694 0.324818 0.359886 0.404733 0.463949 0.545389 0.663278 0.842591 0.839368 0.736833 0.786446 0.847835 0.780493 0.622836 0.517948 0.444292 0.390023 
37.2745 0.238817 0.25499 0.274151 0.297174 0.325306 0.36039 0.405269 0.464539 0.546077 0.664159 0.843931 0.841555 0.742851 0.790757 0.84964 0.781645 0.623643 0.5186 0.444862 0.390547 
37.3547 0.239345 0.255513 0.274673 0.2977 0.325842 0.360947 0.405861 0.465192 0.546837 0.665125 0.845372 0.843827 0.748929 0.795128 0.851539 0.782892 0.624531 0.519321 0.445494 0.391127 
37.4349 0.239915 0.256079 0.275239 0.298272 0.326427 0.361557 0.406512 0.465911 0.547672 0.666178 0.846918 0.846189 0.75507 0.799562 0.853534 0.78424 0.625502 0.520113 0.446188 0.391763 
37.515 0.240528 0.25669 0.275853 0.298893 0.327065 0.362222 0.407223 0.466696 0.548583 0.667321 0.848572 0.848643 0.761274 0.804062 0.855629 0.785689 0.626558 0.520979 0.446947 0.392458 
37.5952 0.241187 0.257348 0.276514 0.299565 0.327755 0.362945 0.407996 0.467551 0.549573 0.668557 0.850338 0.851194 0.767545 0.80863 0.857828 0.787244 0.627702 0.521921 0.447773 0.393213 
37.6754 0.241892 0.258053 0.277225 0.300288 0.328501 0.363726 0.408834 0.468477 0.550644 0.669889 0.852219 0.853844 0.773883 0.813271 0.860134 0.788907 0.628937 0.52294 0.448668 0.394031 
37.7555 0.242646 0.258809 0.277988 0.301066 0.329304 0.364569 0.409738 0.469477 0.5518 0.671319 0.854218 0.856599 0.780291 0.817986 0.862551 0.790683 0.630266 0.52404 0.449634 0.394914 
37.8357 0.243451 0.259617 0.278804 0.301899 0.330165 0.365474 0.41071 0.470553 0.553042 0.672851 0.856341 0.859461 0.78677 0.82278 0.865084 0.792575 0.631692 0.525223 0.450674 0.395863 
37.9158 0.244309 0.260479 0.279677 0.302791 0.331089 0.366445 0.411754 0.471708 0.554374 0.674489 0.858592 0.862435 0.793324 0.827656 0.867736 0.794588 0.633218 0.526493 0.451791 0.396882 
37.996 0.245222 0.261398 0.280608 0.303744 0.332076 0.367484 0.412871 0.472944 0.555799 0.676235 0.860974 0.865526 0.799954 0.832618 0.870512 0.796724 0.634847 0.527851 0.452986 0.397973 
38.0762 0.246194 0.262376 0.2816 0.30476 0.333129 0.368594 0.414065 0.474265 0.55732 0.678095 0.863492 0.868738 0.806663 0.83767 0.873416 0.798989 0.636583 0.529302 0.454263 0.399138 
38.1563 0.247227 0.263416 0.282656 0.305842 0.334251 0.369777 0.415338 0.475674 0.55894 0.680071 0.866153 0.872077 0.813453 0.842815 0.876455 0.801388 0.63843 0.530848 0.455625 0.40038 
38.2365 0.248323 0.264521 0.283778 0.306992 0.335446 0.371037 0.416694 0.477173 0.560664 0.682168 0.868959 0.875547 0.820327 0.848058 0.879632 0.803925 0.640393 0.532493 0.457075 0.401703 
38.3166 0.249486 0.265694 0.28497 0.308215 0.336715 0.372376 0.418135 0.478768 0.562494 0.684391 0.871918 0.879153 0.827287 0.853403 0.882954 0.806604 0.642474 0.534241 0.458616 0.403109 
38.3968 0.250721 0.266939 0.286235 0.309513 0.338063 0.373798 0.419666 0.48046 0.564436 0.686743 0.875035 0.882902 0.834337 0.858856 0.886426 0.809433 0.644679 0.536095 0.460253 0.404603 
38.477 0.252029 0.268259 0.287577 0.31089 0.339494 0.375307 0.421291 0.482256 0.566494 0.689232 0.878316 0.886799 0.841479 0.86442 0.890054 0.812416 0.647013 0.538061 0.46199 0.406188 
38.5571 0.253417 0.269659 0.289 0.312351 0.341011 0.376907 0.423012 0.484157 0.568672 0.69186 0.881768 0.890851 0.848717 0.8701 0.893845 0.81556 0.64948 0.540143 0.463829 0.407868 
38.6373 0.254888 0.271143 0.290508 0.313898 0.342618 0.378602 0.424835 0.486171 0.570975 0.694636 0.885397 0.895064 0.856054 0.875903 0.897805 0.81887 0.652087 0.542345 0.465777 0.409648 
38.7174 0.256448 0.272716 0.292107 0.315538 0.344321 0.380397 0.426765 0.4883 0.57341 0.697563 0.889211 0.899445 0.863494 0.881834 0.901942 0.822355 0.654838 0.544673 0.467838 0.411532 
38.7976 0.258101 0.274384 0.293801 0.317276 0.346124 0.382297 0.428807 0.490551 0.57598 0.70065 0.893217 0.904001 0.871039 0.887898 0.906262 0.82602 0.657741 0.547133 0.470018 0.413525 
38.8778 0.259855 0.276152 0.295596 0.319116 0.348033 0.384307 0.430966 0.49293 0.578694 0.703902 0.897424 0.908741 0.878694 0.894103 0.910774 0.829875 0.660801 0.54973 0.472321 0.415633 
38.9579 0.261717 0.278027 0.297499 0.321065 0.350054 0.386434 0.433249 0.495443 0.581557 0.707328 0.90184 0.913671 0.886462 0.900453 0.915487 0.833926 0.664027 0.552471 0.474755 0.417863 
39.0381 0.263693 0.280016 0.299517 0.323131 0.352193 0.388684 0.435661 0.498096 0.584576 0.710935 0.906476 0.918802 0.894348 0.906956 0.920409 0.838184 0.667425 0.555363 0.477325 0.42022 
39.1182 0.265792 0.282128 0.301657 0.32532 0.354459 0.391065 0.438211 0.500897 0.58776 0.714732 0.91134 0.924142 0.902357 0.91362 0.92555 0.842657 0.671004 0.558414 0.48004 0.422712 
39.1984 0.268024 0.284372 0.303929 0.327642 0.356859 0.393583 0.440906 0.503854 0.591116 0.718727 0.916443 0.929701 0.910492 0.920451 0.93092 0.847355 0.674773 0.561631 0.482907 0.425346 
39.2786 0.270399 0.286757 0.306342 0.330104 0.359402 0.396249 0.443754 0.506975 0.594654 0.722931 0.921797 0.93549 0.918759 0.927458 0.936529 0.85229 0.678741 0.565025 0.485934 0.428132 
39.3587 0.272929 0.289295 0.308906 0.332719 0.362099 0.399072 0.446766 0.510271 0.598384 0.727355 0.927414 0.941519 0.927162 0.93465 0.94239 0.857472 0.682918 0.568603 0.489132 0.431079 
39.4389 0.275628 0.291999 0.311634 0.335496 0.364959 0.402062 0.449952 0.513751 0.602315 0.732009 0.933307 0.9478 0.935707 0.942034 0.948514 0.862915 0.687317 0.572378 0.492511 0.434197 
39.519 0.278511 0.294884 0.314541 0.33845 0.367997 0.405231 0.453323 0.517427 0.606461 0.736906 0.93949 0.954345 0.944399 0.949621 0.954915 0.868632 0.691948 0.57636 0.496082 0.437499 
39.5992 0.281595 0.297965 0.31764 0.341596 0.371225 0.408594 0.456892 0.521312 0.610834 0.74206 0.945978 0.961169 0.953245 0.957421 0.961607 0.874638 0.696825 0.580562 0.499857 0.440997 
39.6794 0.2849 0.301262 0.320951 0.344949 0.37466 0.412164 0.460674 0.52542 0.615447 0.747486 0.952788 0.968285 0.96225 0.965443 0.968605 0.880948 0.701963 0.584999 0.503852 0.444706 
39.7595 0.288449 0.304796 0.324493 0.348529 0.37832 0.415959 0.464685 0.529766 0.620317 0.7532 0.959938 0.975709 0.971421 0.9737 0.975925 0.887579 0.707378 0.589687 0.508082 0.448642 
39.8397 0.292267 0.308591 0.328289 0.352358 0.382224 0.419998 0.468943 0.534369 0.625461 0.759219 0.967446 0.983457 0.980765 0.982203 0.983584 0.894551 0.713087 0.594641 0.512565 0.452823 
39.9198 0.296386 0.312677 0.332366 0.356461 0.386397 0.424304 0.47347 0.539247 0.630897 0.765564 0.975335 0.991548 0.990289 0.990965 0.991602 0.901883 0.719109 0.599882 0.51732 0.457272 
40 0.300841 0.317085 0.336755 0.360866 0.390865 0.4289 0.478287 0.544423 0.636649 0.772255 0.983626 1 1 1 1 0.909598 0.725466 0.605431 0.522371 0.462011 

