K 21F 21.1F 21.2F 21.3F 21.4F 21.5F 21.6F 21.7F 21.8F 21.9F 22F 22.1F 22.2F 22.3F 22.4F 22.5F 22.6F 22.7F 22.8F 22.9F 
0 0.693212 0.645878 0.595421 0.542041 0.485994 0.427614 0.36729 0.305508 0.242852 0.180039 0.117986 0.049548 0.00919051 0.0163318 0.0708131 0.136473 0.198878 0.261748 0.324234 0.385657 
0.0801603 0.696799 0.649457 0.598928 0.545413 0.489166 0.430525 0.369884 0.307734 0.244667 0.181412 0.118899 0.0499351 0.00926262 0.0164599 0.0713649 0.137524 0.200385 0.263689 0.326574 0.388351 
0.160321 0.700416 0.653069 0.602471 0.548822 0.492377 0.433475 0.372513 0.30999 0.246508 0.182805 0.119826 0.0503282 0.00933586 0.0165899 0.0719253 0.138592 0.201915 0.265659 0.328946 0.391081 
0.240481 0.704062 0.656713 0.60605 0.552269 0.495625 0.436461 0.375177 0.312278 0.248376 0.184219 0.120767 0.0507272 0.00941021 0.0167219 0.0724941 0.139676 0.203467 0.267656 0.331352 0.393847 
0.320641 0.707735 0.66039 0.609664 0.555753 0.498912 0.439484 0.377876 0.314598 0.250269 0.185653 0.121721 0.0511323 0.0094857 0.0168559 0.0730715 0.140775 0.205042 0.269681 0.333789 0.396648 
0.400802 0.711435 0.664097 0.613313 0.559274 0.502236 0.442544 0.380609 0.316948 0.25219 0.187108 0.12269 0.0515434 0.00956231 0.016992 0.0736575 0.141891 0.206639 0.271735 0.33626 0.399485 
0.480962 0.71516 0.667835 0.616994 0.56283 0.505596 0.445641 0.383377 0.31933 0.254137 0.188584 0.123673 0.0519606 0.00964007 0.01713 0.0742521 0.143023 0.208259 0.273816 0.338762 0.402357 
0.561122 0.71891 0.671601 0.620709 0.566422 0.508994 0.448774 0.38618 0.321743 0.25611 0.19008 0.12467 0.0523838 0.00971896 0.0172701 0.0748554 0.144171 0.209901 0.275926 0.341297 0.405264 
0.641283 0.722682 0.675395 0.624455 0.570048 0.512427 0.451942 0.389017 0.324187 0.25811 0.191597 0.125682 0.0528132 0.009799 0.0174122 0.0754673 0.145335 0.211566 0.278063 0.343864 0.408206 
0.721443 0.726477 0.679217 0.628233 0.573709 0.515896 0.455147 0.391888 0.326662 0.260137 0.193135 0.126707 0.0532487 0.0098802 0.0175563 0.0760879 0.146516 0.213254 0.280229 0.346464 0.411183 
0.801603 0.730292 0.683064 0.632041 0.577402 0.5194 0.458387 0.394793 0.329168 0.26219 0.194694 0.127747 0.0536904 0.00996255 0.0177025 0.0767173 0.147713 0.214965 0.282423 0.349095 0.414195 
0.881764 0.734127 0.686937 0.635879 0.581129 0.522939 0.461662 0.397732 0.331706 0.26427 0.196274 0.128801 0.0541382 0.0100461 0.0178508 0.0773555 0.148926 0.216698 0.284644 0.351759 0.417241 
0.961924 0.73798 0.690833 0.639745 0.584888 0.526512 0.464972 0.400704 0.334274 0.266377 0.197875 0.129869 0.0545923 0.0101308 0.0180011 0.0780026 0.150156 0.218454 0.286894 0.354454 0.420321 
1.04208 0.74185 0.694752 0.643639 0.588679 0.530119 0.468316 0.403711 0.336873 0.26851 0.199497 0.130952 0.0550527 0.0102166 0.0181536 0.0786585 0.151402 0.220233 0.289172 0.357182 0.423436 
1.12224 0.745736 0.698694 0.64756 0.592501 0.53376 0.471695 0.406751 0.339503 0.27067 0.20114 0.13205 0.0555193 0.0103037 0.0183081 0.0793233 0.152665 0.222034 0.291479 0.359941 0.426585 
1.2024 0.749637 0.702656 0.651507 0.596353 0.537434 0.475108 0.409824 0.342164 0.272856 0.202804 0.133162 0.0559923 0.0103919 0.0184647 0.0799971 0.153944 0.223859 0.293813 0.362732 0.429767 
1.28257 0.753552 0.706638 0.65548 0.600234 0.54114 0.478555 0.41293 0.344856 0.27507 0.20449 0.134289 0.0564716 0.0104813 0.0186235 0.0806799 0.155241 0.225707 0.296175 0.365555 0.432983 
1.36273 0.757479 0.710639 0.659478 0.604145 0.544878 0.482036 0.41607 0.347579 0.27731 0.206197 0.13543 0.0569573 0.010572 0.0187844 0.0813718 0.156554 0.227578 0.298566 0.36841 0.436232 
1.44289 0.761417 0.714658 0.663498 0.608084 0.548648 0.485549 0.419242 0.350332 0.279577 0.207925 0.136587 0.0574494 0.0106638 0.0189474 0.0820728 0.157884 0.229473 0.300985 0.371296 0.439514 
1.52305 0.765364 0.718693 0.667542 0.612051 0.55245 0.489095 0.422447 0.353116 0.281872 0.209675 0.137758 0.0579481 0.0107569 0.0191126 0.082783 0.159231 0.23139 0.303432 0.374214 0.44283 
1.60321 0.769321 0.722745 0.671608 0.616045 0.556281 0.492674 0.425685 0.355931 0.284193 0.211447 0.138944 0.0584532 0.0108512 0.01928 0.0835023 0.160595 0.233331 0.305908 0.377163 0.446178 
1.68337 0.773284 0.72681 0.675694 0.620065 0.560143 0.496286 0.428956 0.358777 0.286541 0.21324 0.140145 0.0589648 0.0109467 0.0194495 0.084231 0.161976 0.235295 0.308412 0.380144 0.449559 
1.76353 0.777254 0.730889 0.679801 0.62411 0.564035 0.499929 0.432258 0.361653 0.288916 0.215055 0.141362 0.0594831 0.0110435 0.0196213 0.0849689 0.163374 0.237283 0.310944 0.383156 0.452972 
1.84369 0.781228 0.734981 0.683927 0.628181 0.567955 0.503604 0.435593 0.36456 0.291318 0.216891 0.142593 0.0600079 0.0111415 0.0197952 0.0857163 0.16479 0.239295 0.313505 0.386199 0.456418 
1.92385 0.785206 0.739083 0.688071 0.632275 0.571905 0.50731 0.43896 0.367498 0.293748 0.21875 0.14384 0.0605395 0.0112408 0.0199714 0.0864731 0.166223 0.24133 0.316094 0.389274 0.459895 
2.00401 0.789186 0.743196 0.692232 0.636393 0.575882 0.511047 0.442358 0.370466 0.296204 0.220631 0.145102 0.0610777 0.0113413 0.0201499 0.0872394 0.167673 0.243389 0.318711 0.39238 0.463405 
2.08417 0.793167 0.747317 0.69641 0.640534 0.579887 0.514814 0.445788 0.373464 0.298688 0.222533 0.146379 0.0616227 0.0114431 0.0203306 0.0880152 0.169141 0.245471 0.321357 0.395516 0.466946 
2.16433 0.797148 0.751447 0.700603 0.644697 0.583919 0.518612 0.44925 0.376493 0.301199 0.224458 0.147672 0.0621745 0.0115462 0.0205136 0.0888007 0.170627 0.247578 0.324031 0.398684 0.470518 
2.24449 0.801126 0.755583 0.70481 0.64888 0.587977 0.52244 0.452743 0.379553 0.303738 0.226405 0.148981 0.0627331 0.0116506 0.0206988 0.0895958 0.17213 0.249708 0.326734 0.401883 0.474121 
2.32465 0.805102 0.759724 0.70903 0.653084 0.592061 0.526297 0.456267 0.382643 0.306304 0.228375 0.150305 0.0632987 0.0117564 0.0208864 0.0904007 0.173652 0.251863 0.329465 0.405113 0.477755 
2.40481 0.809073 0.763869 0.713263 0.657307 0.59617 0.530183 0.459822 0.385763 0.308897 0.230367 0.151645 0.0638711 0.0118634 0.0210763 0.0912154 0.175191 0.254041 0.332225 0.408373 0.48142 
2.48497 0.813038 0.768018 0.717508 0.66155 0.600304 0.534099 0.463407 0.388913 0.311518 0.232381 0.153001 0.0644506 0.0119717 0.0212686 0.0920399 0.176748 0.256244 0.335013 0.411664 0.485115 
2.56513 0.816996 0.772168 0.721762 0.66581 0.604462 0.538042 0.467023 0.392094 0.314166 0.234418 0.154373 0.0650371 0.0120814 0.0214632 0.0928744 0.178323 0.258471 0.33783 0.414985 0.48884 
2.64529 0.820946 0.776319 0.726026 0.670086 0.608643 0.542013 0.47067 0.395304 0.316842 0.236478 0.155761 0.0656307 0.0121924 0.0216602 0.0937189 0.179917 0.260723 0.340675 0.418337 0.492595 
2.72545 0.824886 0.780469 0.730298 0.67438 0.612847 0.546012 0.474346 0.398545 0.319545 0.23856 0.157166 0.0662314 0.0123048 0.0218596 0.0945735 0.181529 0.262999 0.343549 0.421719 0.496379 
2.80561 0.828815 0.784618 0.734577 0.678688 0.617073 0.550038 0.478052 0.401816 0.322276 0.240666 0.158586 0.0668393 0.0124185 0.0220614 0.0954383 0.183159 0.265299 0.346452 0.425132 0.500193 
2.88577 0.832731 0.788763 0.738862 0.683011 0.621321 0.554091 0.481787 0.405116 0.325035 0.242795 0.160023 0.0674544 0.0125337 0.0222656 0.0963132 0.184808 0.267625 0.349383 0.428574 0.504036 
2.96593 0.836634 0.792904 0.743152 0.687347 0.625589 0.558169 0.485552 0.408447 0.327821 0.244946 0.161476 0.0680769 0.0126502 0.0224723 0.0971985 0.186475 0.269975 0.352343 0.432047 0.507907 
3.04609 0.840521 0.797039 0.747446 0.691696 0.629878 0.562274 0.489346 0.411807 0.330636 0.247121 0.162946 0.0687067 0.0127681 0.0226815 0.0980941 0.188162 0.27235 0.355331 0.435549 0.511806 
3.12625 0.844391 0.801167 0.751743 0.696057 0.634186 0.566403 0.493169 0.415197 0.333478 0.249319 0.164433 0.0693439 0.0128874 0.0228931 0.0990002 0.189867 0.274749 0.358349 0.439081 0.515734 
3.20641 0.848243 0.805288 0.756041 0.700428 0.638512 0.570558 0.49702 0.418616 0.336347 0.251541 0.165936 0.0699886 0.0130081 0.0231073 0.0999168 0.191591 0.277174 0.361394 0.442643 0.519689 
3.28657 0.852076 0.809398 0.76034 0.704809 0.642856 0.574737 0.500899 0.422065 0.339245 0.253786 0.167456 0.0706408 0.0131303 0.023324 0.100844 0.193334 0.279624 0.364469 0.446233 0.523672 
3.36673 0.855888 0.813498 0.764638 0.709199 0.647218 0.578939 0.504807 0.425544 0.342171 0.256055 0.168994 0.0713005 0.0132539 0.0235433 0.101782 0.195096 0.282099 0.367572 0.449854 0.527681 
3.44689 0.859678 0.817586 0.768934 0.713597 0.651596 0.583165 0.508742 0.429051 0.345124 0.258347 0.170548 0.0719679 0.0133789 0.0237651 0.10273 0.196878 0.284599 0.370704 0.453503 0.531717 
3.52705 0.863444 0.821661 0.773227 0.718002 0.65599 0.587413 0.512704 0.432588 0.348106 0.260663 0.17212 0.072643 0.0135055 0.0239895 0.10369 0.198679 0.287124 0.373864 0.457181 0.535779 
3.60721 0.867186 0.825721 0.777516 0.722412 0.660398 0.591683 0.516694 0.436154 0.351115 0.263003 0.173709 0.0733259 0.0136335 0.0242166 0.10466 0.200499 0.289675 0.377053 0.460888 0.539868 
3.68737 0.870901 0.829765 0.7818 0.726828 0.664821 0.595976 0.52071 0.439748 0.354152 0.265367 0.175315 0.0740166 0.013763 0.0244463 0.105642 0.202339 0.292252 0.380271 0.464624 0.543981 
3.76754 0.874588 0.833791 0.786077 0.731247 0.669257 0.600289 0.524752 0.443372 0.357218 0.267756 0.176939 0.0747151 0.013894 0.0246786 0.106634 0.204199 0.294854 0.383517 0.468388 0.54812 
3.8477 0.878246 0.837799 0.790346 0.73567 0.673706 0.604622 0.52882 0.447024 0.360311 0.270168 0.178581 0.0754217 0.0140265 0.0249137 0.107638 0.206079 0.297481 0.386791 0.47218 0.552283 
3.92786 0.881874 0.841787 0.794606 0.740093 0.678166 0.608976 0.532914 0.450704 0.363432 0.272605 0.18024 0.0761362 0.0141606 0.0251514 0.108653 0.207979 0.300135 0.390095 0.476 0.556471 
4.00802 0.88547 0.845753 0.798856 0.744518 0.682637 0.613348 0.537034 0.454413 0.366582 0.275066 0.181917 0.0768588 0.0142962 0.0253919 0.109679 0.209899 0.302814 0.393426 0.479847 0.560682 
4.08818 0.889033 0.849697 0.803095 0.748942 0.687117 0.617739 0.541178 0.45815 0.369759 0.277551 0.183613 0.0775895 0.0144334 0.0256352 0.110717 0.211839 0.305519 0.396786 0.483723 0.564916 
4.16834 0.892561 0.853617 0.80732 0.753365 0.691607 0.622149 0.545347 0.461915 0.372965 0.280061 0.185326 0.0783284 0.0145721 0.0258812 0.111766 0.213799 0.30825 0.400175 0.487625 0.569174 
4.2485 0.896053 0.857512 0.811532 0.757785 0.696105 0.626575 0.549539 0.465708 0.376198 0.282596 0.187058 0.0790756 0.0147125 0.02613 0.112826 0.21578 0.311007 0.403592 0.491555 0.573453 
4.32866 0.899508 0.86138 0.815728 0.762201 0.70061 0.631018 0.553756 0.469529 0.37946 0.285156 0.188808 0.0798312 0.0148544 0.0263817 0.113899 0.217782 0.313791 0.407037 0.495512 0.577755 
4.40882 0.902924 0.86522 0.819908 0.766613 0.705121 0.635477 0.557996 0.473376 0.382749 0.287741 0.190576 0.0805951 0.014998 0.0266362 0.114983 0.219804 0.3166 0.41051 0.499495 0.582078 
4.48898 0.906301 0.869031 0.82407 0.771018 0.709638 0.639951 0.562258 0.477251 0.386066 0.29035 0.192364 0.0813676 0.0151432 0.0268936 0.116079 0.221847 0.319436 0.414011 0.503504 0.586421 
4.56914 0.909636 0.872811 0.828213 0.775417 0.714159 0.64444 0.566543 0.481153 0.389412 0.292984 0.19417 0.0821485 0.01529 0.0271539 0.117187 0.223911 0.322298 0.417541 0.507539 0.590785 
4.6493 0.912928 0.876558 0.832336 0.779807 0.718684 0.648943 0.57085 0.485082 0.392785 0.295644 0.195994 0.0829382 0.0154385 0.0274171 0.118308 0.225996 0.325186 0.421098 0.5116 0.595169 
4.72946 0.916177 0.880273 0.836437 0.784188 0.723211 0.653458 0.575178 0.489038 0.396186 0.298329 0.197838 0.0837364 0.0155887 0.0276833 0.11944 0.228102 0.328101 0.424684 0.515686 0.599572 
4.80962 0.91938 0.883953 0.840515 0.788558 0.727739 0.657986 0.579527 0.493019 0.399615 0.301039 0.199701 0.0845435 0.0157405 0.0279524 0.120585 0.23023 0.331042 0.428297 0.519798 0.603994 
4.88978 0.922537 0.887597 0.844568 0.792916 0.732268 0.662525 0.583896 0.497027 0.403072 0.303775 0.201583 0.0853594 0.0158941 0.0282246 0.121742 0.232379 0.33401 0.431938 0.523934 0.608433 
4.96994 0.925647 0.891203 0.848596 0.797261 0.736796 0.667076 0.588286 0.501061 0.406556 0.306536 0.203485 0.0861842 0.0160494 0.0284998 0.122911 0.234549 0.337004 0.435606 0.528094 0.61289 
5.0501 0.928707 0.894771 0.852598 0.801592 0.741322 0.671636 0.592694 0.50512 0.410069 0.309323 0.205406 0.087018 0.0162064 0.0287781 0.124093 0.236742 0.340025 0.439302 0.532279 0.617364 
5.13026 0.931717 0.898299 0.856571 0.805907 0.745846 0.676205 0.597122 0.509204 0.413608 0.312135 0.207346 0.0878609 0.0163652 0.0290595 0.125288 0.238956 0.343073 0.443026 0.536487 0.621854 
5.21042 0.934676 0.901786 0.860514 0.810206 0.750366 0.680782 0.601567 0.513313 0.417176 0.314973 0.209307 0.0887129 0.0165257 0.029344 0.126495 0.241191 0.346147 0.446776 0.540719 0.62636 
5.29058 0.937582 0.90523 0.864427 0.814486 0.754882 0.685367 0.60603 0.517447 0.420771 0.317837 0.211287 0.0895741 0.0166881 0.0296317 0.127715 0.243449 0.349249 0.450554 0.544973 0.63088 
5.37074 0.940435 0.908631 0.868308 0.818748 0.759391 0.689959 0.610511 0.521605 0.424393 0.320726 0.213287 0.0904446 0.0168522 0.0299225 0.128949 0.245729 0.352377 0.454358 0.54925 0.635415 
5.4509 0.943232 0.911986 0.872155 0.822989 0.763893 0.694556 0.615007 0.525787 0.428043 0.323642 0.215307 0.0913245 0.0170182 0.0302166 0.130195 0.248032 0.355531 0.45819 0.553549 0.639963 
5.53106 0.945974 0.915295 0.875968 0.827209 0.768388 0.699158 0.61952 0.529993 0.431719 0.326583 0.217348 0.0922139 0.017186 0.0305139 0.131454 0.250357 0.358713 0.462048 0.55787 0.644524 
5.61122 0.948658 0.918557 0.879744 0.831405 0.772872 0.703764 0.624048 0.534222 0.435423 0.329551 0.219409 0.0931128 0.0173557 0.0308145 0.132727 0.252704 0.361922 0.465933 0.562212 0.649097 
5.69138 0.951284 0.921769 0.883484 0.835578 0.777347 0.708372 0.62859 0.538474 0.439154 0.332545 0.22149 0.0940213 0.0175272 0.0311183 0.134013 0.255074 0.365157 0.469843 0.566575 0.653681 
5.77154 0.95385 0.924932 0.887185 0.839725 0.78181 0.712983 0.633146 0.542749 0.442912 0.335565 0.223592 0.0949395 0.0177007 0.0314255 0.135313 0.257467 0.36842 0.47378 0.570959 0.658276 
5.8517 0.956357 0.928043 0.890846 0.843845 0.78626 0.717595 0.637716 0.547045 0.446696 0.338611 0.225715 0.0958675 0.017876 0.0317361 0.136626 0.259882 0.371709 0.477743 0.575362 0.662881 
5.93186 0.958801 0.931102 0.894466 0.847937 0.790697 0.722207 0.642297 0.551364 0.450508 0.341683 0.227858 0.0968053 0.0180533 0.0320501 0.137953 0.262321 0.375026 0.481731 0.579785 0.667495 
6.01202 0.961184 0.934107 0.898043 0.852 0.795118 0.726818 0.646891 0.555703 0.454345 0.344782 0.230023 0.0977531 0.0182325 0.0323675 0.139294 0.264782 0.378369 0.485745 0.584226 0.672117 
6.09218 0.963503 0.937058 0.901577 0.856032 0.799523 0.731428 0.651496 0.560064 0.458209 0.347907 0.232209 0.0987109 0.0184137 0.0326883 0.140649 0.267267 0.381739 0.489784 0.588686 0.676746 
6.17234 0.965757 0.939953 0.905066 0.860033 0.803911 0.736034 0.656111 0.564445 0.462099 0.351059 0.234416 0.0996789 0.0185969 0.0330127 0.142017 0.269775 0.385136 0.493849 0.593164 0.681382 
6.25251 0.967947 0.942791 0.908509 0.864001 0.80828 0.740636 0.660735 0.568846 0.466015 0.354237 0.236644 0.100657 0.0187821 0.0333406 0.1434 0.272307 0.38856 0.497937 0.597659 0.686024 
6.33267 0.97007 0.94557 0.911904 0.867934 0.812629 0.745234 0.665368 0.573267 0.469957 0.357441 0.238894 0.101646 0.0189693 0.033672 0.144797 0.274862 0.392011 0.502051 0.60217 0.690671 
6.41283 0.972126 0.948291 0.915251 0.871831 0.816958 0.749826 0.670009 0.577707 0.473924 0.360672 0.241166 0.102644 0.0191585 0.034007 0.146209 0.277441 0.395489 0.506188 0.606698 0.695321 
6.49299 0.974114 0.950951 0.918548 0.875692 0.821264 0.75441 0.674658 0.582165 0.477917 0.36393 0.243459 0.103654 0.0193498 0.0343457 0.147635 0.280043 0.398993 0.51035 0.611241 0.699975 
6.57315 0.976033 0.95355 0.921795 0.879514 0.825546 0.758986 0.679313 0.586642 0.481935 0.367214 0.245774 0.104674 0.0195432 0.034688 0.149075 0.28267 0.402525 0.514535 0.6158 0.704631 
6.65331 0.977883 0.956087 0.924989 0.883297 0.829804 0.763554 0.683973 0.591136 0.485978 0.370524 0.248111 0.105704 0.0197387 0.035034 0.150531 0.28532 0.406083 0.518743 0.620372 0.709288 
6.73347 0.979663 0.95856 0.928129 0.88704 0.834036 0.76811 0.688638 0.595646 0.490046 0.373861 0.25047 0.106745 0.0199364 0.0353838 0.152001 0.287994 0.409667 0.522974 0.624959 0.713946 
6.81363 0.981371 0.96097 0.931215 0.89074 0.83824 0.772656 0.693306 0.600174 0.494138 0.377225 0.252852 0.107797 0.0201361 0.0357373 0.153486 0.290693 0.413279 0.527229 0.629558 0.718603 
6.89379 0.983009 0.963314 0.934246 0.894398 0.842417 0.777189 0.697978 0.604717 0.498254 0.380615 0.255256 0.10886 0.0203381 0.0360946 0.154986 0.293416 0.416917 0.531505 0.63417 0.723259 
6.97395 0.984573 0.965592 0.93722 0.898011 0.846563 0.781708 0.702652 0.609275 0.502395 0.384032 0.257682 0.109934 0.0205422 0.0364558 0.156501 0.296163 0.420581 0.535803 0.638793 0.727912 
7.05411 0.986065 0.967803 0.940136 0.901578 0.850679 0.786213 0.707326 0.613849 0.506559 0.387475 0.260131 0.11102 0.0207485 0.0368209 0.158032 0.298935 0.424272 0.540123 0.643428 0.732561 
7.13427 0.987484 0.969947 0.942993 0.905098 0.854762 0.790701 0.712001 0.618436 0.510746 0.390945 0.262603 0.112116 0.0209571 0.0371898 0.159578 0.301731 0.427989 0.544464 0.648072 0.737206 
7.21443 0.988828 0.972022 0.945791 0.908571 0.858812 0.795173 0.716675 0.623036 0.514957 0.394441 0.265097 0.113224 0.0211679 0.0375627 0.161139 0.304552 0.431732 0.548826 0.652727 0.741845 
7.29459 0.990098 0.974028 0.948527 0.911994 0.862827 0.799626 0.721348 0.62765 0.519191 0.397964 0.267615 0.114343 0.021381 0.0379396 0.162716 0.307398 0.435502 0.553208 0.65739 0.746478 
7.37475 0.991293 0.975963 0.951202 0.915366 0.866807 0.80406 0.726018 0.632275 0.523447 0.401513 0.270156 0.115473 0.0215964 0.0383206 0.164309 0.310269 0.439297 0.557611 0.662061 0.751103 
7.45491 0.992413 0.977828 0.953813 0.918688 0.870749 0.808473 0.730684 0.636912 0.527725 0.405089 0.272719 0.116615 0.0218141 0.0387056 0.165918 0.313164 0.443119 0.562033 0.666739 0.75572 
7.53507 0.993456 0.979621 0.956361 0.921956 0.874653 0.812864 0.735345 0.64156 0.532025 0.408691 0.275306 0.117769 0.0220342 0.0390947 0.167543 0.316084 0.446966 0.566474 0.671424 0.760327 
7.61523 0.994424 0.981341 0.958844 0.925171 0.878517 0.817232 0.740001 0.646218 0.536346 0.412319 0.277917 0.118935 0.0222566 0.039488 0.169184 0.31903 0.450839 0.570933 0.676114 0.764923 
7.69539 0.995315 0.982989 0.961261 0.92833 0.88234 0.821576 0.74465 0.650885 0.540689 0.415973 0.280551 0.120112 0.0224814 0.0398854 0.170841 0.322 0.454737 0.575411 0.68081 0.769507 
7.77555 0.996129 0.984564 0.963611 0.931433 0.886122 0.825895 0.749291 0.65556 0.545052 0.419654 0.283208 0.121302 0.0227086 0.0402871 0.172515 0.324996 0.45866 0.579907 0.685509 0.774078 
7.85571 0.996865 0.986064 0.965894 0.93448 0.889859 0.830187 0.753924 0.660244 0.549436 0.423361 0.28589 0.122503 0.0229383 0.0406931 0.174205 0.328017 0.462609 0.584419 0.690211 0.778635 
7.93587 0.997525 0.98749 0.968108 0.937468 0.893553 0.834451 0.758547 0.664934 0.553839 0.427093 0.288595 0.123717 0.0231704 0.0411033 0.175911 0.331063 0.466583 0.588949 0.694916 0.783177 
8.01603 0.998107 0.988841 0.970254 0.940396 0.897201 0.838686 0.763159 0.669631 0.558262 0.430852 0.291324 0.124943 0.023405 0.0415179 0.177635 0.334135 0.470581 0.593494 0.699622 0.787702 
8.09619 0.998611 0.990116 0.972329 0.943264 0.900801 0.842891 0.767759 0.674334 0.562704 0.434636 0.294077 0.126181 0.0236422 0.0419369 0.179375 0.337232 0.474604 0.598055 0.704329 0.79221 
8.17635 0.999037 0.991315 0.974334 0.946071 0.904354 0.847065 0.772345 0.679041 0.567165 0.438445 0.296854 0.127432 0.0238818 0.0423604 0.181132 0.340355 0.478652 0.602631 0.709035 0.796699 
8.25651 0.999386 0.992438 0.976268 0.948816 0.907857 0.851205 0.776918 0.683751 0.571643 0.442281 0.299655 0.128695 0.0241241 0.0427883 0.182907 0.343503 0.482723 0.607221 0.71374 0.801169 
8.33667 0.999656 0.993484 0.978129 0.951497 0.91131 0.855312 0.781475 0.688465 0.57614 0.446142 0.302481 0.129972 0.0243689 0.0432208 0.184698 0.346677 0.486819 0.611826 0.718443 0.805617 
8.41683 0.999849 0.994453 0.979918 0.954114 0.914712 0.859383 0.786016 0.693181 0.580653 0.450028 0.305331 0.131261 0.0246163 0.0436578 0.186507 0.349877 0.490938 0.616443 0.723142 0.810044 
8.49699 0.999963 0.995345 0.981634 0.956666 0.91806 0.863418 0.79054 0.697898 0.585183 0.453939 0.308206 0.132562 0.0248664 0.0440994 0.188334 0.353102 0.495081 0.621073 0.727837 0.814446 
8.57715 1 0.996159 0.983275 0.959151 0.921355 0.867416 0.795044 0.702616 0.58973 0.457875 0.311105 0.133877 0.0251191 0.0445457 0.190178 0.356353 0.499247 0.625715 0.732528 0.818825 
8.65731 0.999959 0.996895 0.984842 0.96157 0.924595 0.871375 0.799529 0.707333 0.594292 0.461836 0.314028 0.135205 0.0253745 0.0449967 0.192039 0.359629 0.503436 0.630369 0.737211 0.823178 
8.73747 0.99984 0.997553 0.986335 0.963921 0.927778 0.875293 0.803993 0.712049 0.598868 0.465821 0.316977 0.136546 0.0256327 0.0454524 0.193919 0.362931 0.507648 0.635033 0.741888 0.827503 
8.81764 0.999644 0.998133 0.987751 0.966203 0.930905 0.879171 0.808435 0.716762 0.60346 0.469831 0.31995 0.137901 0.0258936 0.0459129 0.195816 0.36626 0.511882 0.639707 0.746557 0.831801 
8.8978 0.999371 0.998635 0.989092 0.968416 0.933973 0.883006 0.812853 0.721472 0.608065 0.473866 0.322948 0.139269 0.0261573 0.0463783 0.197732 0.369613 0.516138 0.64439 0.751216 0.83607 
8.97796 0.99902 0.999058 0.990357 0.970559 0.936983 0.886797 0.817247 0.726177 0.612684 0.477924 0.325971 0.14065 0.0264237 0.0468486 0.199666 0.372993 0.520416 0.649082 0.755865 0.840308 
9.05812 0.998593 0.999403 0.991544 0.972631 0.939932 0.890544 0.821615 0.730878 0.617315 0.482006 0.329019 0.142045 0.0266931 0.0473237 0.201618 0.376398 0.524715 0.653782 0.760503 0.844514 
9.13828 0.998089 0.99967 0.992655 0.974632 0.942819 0.894244 0.825956 0.735572 0.621958 0.486112 0.332092 0.143454 0.0269652 0.0478039 0.203588 0.37983 0.529035 0.658488 0.765128 0.848687 
9.21844 0.99751 0.999858 0.993688 0.97656 0.945645 0.897898 0.830269 0.740259 0.626613 0.490241 0.33519 0.144876 0.0272403 0.0482891 0.205577 0.383286 0.533376 0.663201 0.76974 0.852826 
9.2986 0.996854 0.999968 0.994644 0.978415 0.948407 0.901503 0.834553 0.744937 0.631278 0.494393 0.338314 0.146313 0.0275183 0.0487794 0.207585 0.386769 0.537738 0.66792 0.774338 0.85693 
9.37876 0.996123 1 0.995522 0.980197 0.951106 0.905058 0.838807 0.749607 0.635953 0.498568 0.341462 0.147764 0.0277992 0.0492748 0.209612 0.390278 0.542119 0.672643 0.778919 0.860998 
9.45892 0.995317 0.999954 0.996321 0.981905 0.953739 0.908563 0.843029 0.754266 0.640638 0.502766 0.344636 0.149229 0.0280831 0.0497754 0.211657 0.393812 0.54652 0.67737 0.783484 0.865028 
9.53908 0.994437 0.99983 0.997043 0.983538 0.956306 0.912016 0.847218 0.758913 0.645332 0.506986 0.347835 0.150708 0.02837 0.0502812 0.213722 0.397371 0.55094 0.682101 0.788031 0.869018 
9.61924 0.993483 0.999628 0.997685 0.985096 0.958807 0.915417 0.851373 0.763548 0.650033 0.511228 0.351059 0.152201 0.0286599 0.0507923 0.215806 0.400957 0.555379 0.686833 0.79256 0.872969 
9.6994 0.992455 0.999348 0.99825 0.986578 0.96124 0.918763 0.855493 0.76817 0.654742 0.515491 0.354309 0.153709 0.0289529 0.0513087 0.217909 0.404568 0.559837 0.691567 0.797068 0.876879 
9.77956 0.991355 0.998992 0.998735 0.987984 0.963605 0.922054 0.859576 0.772777 0.659457 0.519777 0.357584 0.155232 0.029249 0.0518305 0.220031 0.408204 0.564312 0.696302 0.801554 0.880745 
9.85972 0.990182 0.998559 0.999143 0.989314 0.9659 0.92529 0.863622 0.777369 0.664178 0.524083 0.360885 0.156769 0.0295483 0.0523577 0.222173 0.411866 0.568805 0.701036 0.806019 0.884569 
9.93988 0.988938 0.998049 0.999471 0.990568 0.968126 0.928468 0.867629 0.781943 0.668904 0.52841 0.364211 0.158321 0.0298507 0.0528904 0.224335 0.415553 0.573314 0.705769 0.810459 0.888347 
10.02 0.987623 0.997463 0.999721 0.991744 0.970281 0.931587 0.871596 0.7865 0.673634 0.532757 0.367562 0.159889 0.0301563 0.0534287 0.226516 0.419266 0.577841 0.7105 0.814875 0.89208 
10.1002 0.986237 0.996801 0.999892 0.992842 0.972364 0.934648 0.875522 0.791038 0.678368 0.537124 0.370939 0.161471 0.0304651 0.0539725 0.228717 0.423004 0.582383 0.715228 0.819266 0.895765 
10.1804 0.984781 0.996064 0.999985 0.993863 0.974376 0.937649 0.879405 0.795556 0.683104 0.541511 0.374341 0.163068 0.0307772 0.054522 0.230939 0.426766 0.58694 0.719952 0.823629 0.899402 
10.2605 0.983257 0.995252 1 0.994806 0.976315 0.940588 0.883245 0.800052 0.687842 0.545917 0.377769 0.164681 0.0310926 0.0550772 0.23318 0.430554 0.591513 0.724671 0.827964 0.90299 
10.3407 0.981664 0.994366 0.999937 0.99567 0.978181 0.943465 0.88704 0.804527 0.69258 0.550342 0.381222 0.166309 0.0314113 0.0556381 0.235442 0.434367 0.5961 0.729384 0.832269 0.906527 
10.4208 0.980004 0.993406 0.999795 0.996457 0.979973 0.946279 0.89079 0.808977 0.697319 0.554786 0.3847 0.167952 0.0317333 0.0562048 0.237723 0.438205 0.600701 0.734091 0.836544 0.910013 
10.501 0.978277 0.992373 0.999577 0.997165 0.981691 0.949029 0.894492 0.813403 0.702056 0.559247 0.388204 0.169611 0.0320588 0.0567774 0.240026 0.442067 0.605315 0.738789 0.840788 0.913445 
10.5812 0.976484 0.991267 0.99928 0.997794 0.983333 0.951714 0.898147 0.817803 0.706792 0.563726 0.391733 0.171286 0.0323876 0.057356 0.242348 0.445954 0.609941 0.743479 0.844998 0.916824 
10.6613 0.974627 0.990089 0.998907 0.998345 0.984901 0.954334 0.901752 0.822177 0.711525 0.568222 0.395288 0.172977 0.03272 0.0579405 0.244692 0.449865 0.61458 0.748159 0.849174 0.920148 
10.7415 0.972705 0.98884 0.998457 0.998817 0.986393 0.956886 0.905307 0.826522 0.716255 0.572735 0.398867 0.174683 0.0330558 0.058531 0.247056 0.4538 0.61923 0.752827 0.853315 0.923416 
10.8216 0.970719 0.987519 0.997931 0.99921 0.987808 0.959372 0.90881 0.830838 0.720979 0.577264 0.402472 0.176406 0.0333951 0.0591277 0.249441 0.45776 0.623891 0.757484 0.85742 0.926627 
10.9018 0.968671 0.986129 0.997329 0.999525 0.989147 0.961789 0.912261 0.835123 0.725699 0.581808 0.406102 0.178144 0.0337381 0.0597304 0.251847 0.461743 0.628562 0.762129 0.861487 0.929781 
10.982 0.966562 0.98467 0.996651 0.999761 0.990409 0.964138 0.915658 0.839377 0.730412 0.586368 0.409758 0.179899 0.0340846 0.0603394 0.254274 0.46575 0.633243 0.766759 0.865515 0.932875 
11.0621 0.964392 0.983141 0.995899 0.999919 0.991594 0.966416 0.919 0.843598 0.735117 0.590942 0.413438 0.181671 0.0344348 0.0609547 0.256722 0.469781 0.637933 0.771374 0.869503 0.935909 
11.1423 0.962162 0.981545 0.995072 0.999998 0.992702 0.968625 0.922287 0.847785 0.739814 0.59553 0.417143 0.183458 0.0347886 0.0615763 0.259191 0.473835 0.64263 0.775973 0.87345 0.938882 
11.2224 0.959874 0.979882 0.994171 1 0.993731 0.970762 0.925517 0.851936 0.744502 0.600132 0.420873 0.185263 0.0351462 0.0622042 0.261682 0.477912 0.647335 0.780554 0.877355 0.941793 
11.3026 0.957527 0.978152 0.993196 0.999924 0.994683 0.972827 0.928689 0.856052 0.749179 0.604746 0.424628 0.187084 0.0355075 0.0628387 0.264194 0.482012 0.652047 0.785118 0.881216 0.944642 
11.3828 0.955124 0.976357 0.992149 0.99977 0.995557 0.974821 0.931802 0.86013 0.753845 0.609373 0.428407 0.188922 0.0358726 0.0634796 0.266728 0.486134 0.656765 0.789662 0.885033 0.947427 
11.4629 0.952665 0.974498 0.991029 0.999538 0.996352 0.976741 0.934856 0.86417 0.758499 0.614012 0.432211 0.190777 0.0362415 0.0641271 0.269283 0.490279 0.661488 0.794185 0.888805 0.950147 
11.5431 0.950151 0.972574 0.989838 0.99923 0.99707 0.978588 0.937849 0.868169 0.763138 0.618661 0.43604 0.192648 0.0366143 0.0647812 0.27186 0.494446 0.666215 0.798687 0.892529 0.952802 
11.6232 0.947583 0.970588 0.988576 0.998845 0.997708 0.980361 0.94078 0.872128 0.767764 0.623321 0.439892 0.194537 0.036991 0.0654421 0.274458 0.498635 0.670946 0.803166 0.896206 0.955391 
11.7034 0.944962 0.96854 0.987244 0.998384 0.998269 0.982059 0.943649 0.876045 0.772373 0.627991 0.443769 0.196443 0.0373716 0.0661096 0.277079 0.502846 0.67568 0.807622 0.899833 0.957912 
11.7836 0.94229 0.96643 0.985842 0.997847 0.998751 0.983683 0.946455 0.879919 0.776966 0.63267 0.44767 0.198367 0.0377562 0.0667841 0.279721 0.507078 0.680416 0.812052 0.90341 0.960366 
11.8637 0.939566 0.964261 0.984372 0.997234 0.999154 0.985231 0.949196 0.883748 0.781542 0.637358 0.451595 0.200307 0.0381449 0.0674653 0.282386 0.511331 0.685154 0.816456 0.906936 0.962752 
11.9439 0.936793 0.962032 0.982833 0.996546 0.99948 0.986703 0.951872 0.887532 0.786098 0.642053 0.455544 0.202266 0.0385376 0.0681536 0.285072 0.515604 0.689892 0.820833 0.91041 0.965068 
12.024 0.933971 0.959745 0.981227 0.995784 0.999727 0.988099 0.954481 0.891269 0.790635 0.646756 0.459516 0.204242 0.0389344 0.0688489 0.287781 0.519898 0.694629 0.825182 0.913831 0.967314 
12.1042 0.931102 0.957401 0.979555 0.994948 0.999896 0.989419 0.957025 0.894958 0.79515 0.651465 0.463511 0.206235 0.0393354 0.0695512 0.290512 0.524212 0.699365 0.829501 0.917197 0.969489 
12.1844 0.928185 0.955001 0.977817 0.994039 0.999987 0.990662 0.9595 0.898599 0.799643 0.656179 0.46753 0.208247 0.0397405 0.0702607 0.293265 0.528546 0.704099 0.83379 0.920508 0.971593 
12.2645 0.925224 0.952545 0.976015 0.993056 1 0.991828 0.961908 0.90219 0.804113 0.660899 0.471571 0.210276 0.0401499 0.0709774 0.296041 0.532899 0.708829 0.838046 0.923762 0.973625 
12.3447 0.922217 0.950035 0.974148 0.992002 0.999936 0.992917 0.964246 0.90573 0.808559 0.665622 0.475636 0.212324 0.0405636 0.0717014 0.298839 0.537271 0.713556 0.84227 0.926959 0.975585 
12.4248 0.919168 0.947471 0.972218 0.990876 0.999795 0.993928 0.966515 0.909218 0.81298 0.670349 0.479722 0.214389 0.0409815 0.0724327 0.301659 0.541662 0.718278 0.84646 0.930098 0.977472 
12.505 0.916076 0.944855 0.970227 0.989679 0.999577 0.994862 0.968713 0.912652 0.817373 0.675079 0.483831 0.216473 0.0414039 0.0731715 0.304502 0.546071 0.722994 0.850614 0.933177 0.979285 
12.5852 0.912942 0.942188 0.968173 0.988411 0.999282 0.995718 0.970841 0.916033 0.821739 0.67981 0.487963 0.218575 0.0418306 0.0739177 0.307367 0.550497 0.727704 0.854732 0.936196 0.981025 
12.6653 0.909769 0.939471 0.96606 0.987074 0.998911 0.996496 0.972896 0.919359 0.826076 0.684542 0.492116 0.220696 0.0422618 0.0746715 0.310256 0.554941 0.732405 0.858813 0.939154 0.98269 
12.7455 0.906556 0.936705 0.963887 0.985669 0.998464 0.997196 0.97488 0.922629 0.830384 0.689275 0.49629 0.222835 0.0426974 0.0754329 0.313166 0.559402 0.737098 0.862855 0.94205 0.98428 
12.8257 0.903305 0.93389 0.961656 0.984195 0.997942 0.997819 0.976791 0.925841 0.83466 0.694006 0.500486 0.224992 0.0431376 0.076202 0.3161 0.563879 0.741782 0.866857 0.944883 0.985794 
12.9058 0.900017 0.931029 0.959368 0.982654 0.997345 0.998363 0.978629 0.928996 0.838904 0.698736 0.504703 0.227168 0.0435824 0.0769789 0.319056 0.568373 0.746454 0.870818 0.947652 0.987233 
12.986 0.896693 0.928121 0.957022 0.981047 0.996674 0.99883 0.980393 0.932091 0.843114 0.703464 0.50894 0.229363 0.0440318 0.0777636 0.322034 0.572881 0.751116 0.874737 0.950356 0.988597 
13.0661 0.893335 0.925169 0.954622 0.979373 0.995929 0.999218 0.982083 0.935127 0.84729 0.708188 0.513198 0.231577 0.0444859 0.0785562 0.325036 0.577405 0.755764 0.878613 0.952995 0.989884 
13.1463 0.889942 0.922173 0.952167 0.977635 0.99511 0.999529 0.983698 0.938102 0.85143 0.712908 0.517476 0.23381 0.0449448 0.0793568 0.32806 0.581944 0.760399 0.882445 0.955568 0.991094 
13.2265 0.886516 0.919133 0.949658 0.975833 0.994219 0.999763 0.985239 0.941015 0.855534 0.717623 0.521773 0.236061 0.0454084 0.0801654 0.331107 0.586496 0.765019 0.886232 0.958074 0.992228 
13.3066 0.883059 0.916052 0.947097 0.973968 0.993255 0.999919 0.986704 0.943865 0.8596 0.722332 0.52609 0.238332 0.0458768 0.0809822 0.334177 0.591062 0.769624 0.889972 0.960513 0.993285 
13.3868 0.879571 0.912931 0.944484 0.972041 0.99222 0.999998 0.988093 0.946652 0.863627 0.727034 0.530426 0.240622 0.04635 0.0818071 0.33727 0.59564 0.774212 0.893665 0.962883 0.994264 
13.4669 0.876053 0.909769 0.941822 0.970052 0.991114 1 0.989407 0.949375 0.867613 0.731728 0.534781 0.242931 0.0468282 0.0826404 0.340386 0.600232 0.778782 0.897309 0.965183 0.995167 
13.5471 0.872507 0.90657 0.939109 0.968003 0.989937 0.999925 0.990644 0.952033 0.871559 0.736413 0.539153 0.245259 0.0473114 0.083482 0.343524 0.604834 0.783333 0.900903 0.967415 0.995992 
13.6273 0.868933 0.903332 0.936349 0.965895 0.988691 0.999774 0.991805 0.954625 0.875462 0.741089 0.543544 0.247607 0.0477995 0.084332 0.346685 0.609449 0.787864 0.904447 0.969576 0.996741 
13.7074 0.865333 0.900058 0.933541 0.963728 0.987376 0.999547 0.992889 0.957151 0.879322 0.745753 0.547952 0.249974 0.0482927 0.0851905 0.349869 0.614073 0.792374 0.907939 0.971666 0.997411 
13.7876 0.861706 0.896749 0.930686 0.961503 0.985993 0.999245 0.993897 0.959609 0.883137 0.750406 0.552377 0.252361 0.0487911 0.0860575 0.353075 0.618708 0.796862 0.911379 0.973684 0.998005 
13.8677 0.858055 0.893406 0.927787 0.959222 0.984543 0.998867 0.994828 0.962 0.886907 0.755046 0.556819 0.254767 0.0492946 0.0869333 0.356305 0.623352 0.801328 0.914765 0.975631 0.998521 
13.9479 0.854381 0.890029 0.924844 0.956885 0.983026 0.998414 0.995682 0.964321 0.89063 0.759672 0.561277 0.257193 0.0498033 0.0878177 0.359557 0.628005 0.805769 0.918096 0.977505 0.998959 
14.0281 0.850684 0.88662 0.921857 0.954494 0.981444 0.997887 0.996458 0.966574 0.894305 0.764283 0.565751 0.259639 0.0503173 0.088711 0.362831 0.632666 0.810184 0.921371 0.979306 0.999321 
14.1082 0.846965 0.88318 0.918829 0.952049 0.979796 0.997286 0.997158 0.968756 0.897932 0.768878 0.570239 0.262104 0.0508366 0.0896131 0.366129 0.637334 0.814573 0.92459 0.981034 0.999606 
14.1884 0.843226 0.879709 0.915759 0.949551 0.978084 0.996612 0.997781 0.970868 0.901509 0.773457 0.574743 0.264589 0.0513613 0.0905242 0.369449 0.642009 0.818935 0.927752 0.982688 0.999814 
14.2685 0.839466 0.87621 0.91265 0.947002 0.976309 0.995864 0.998326 0.97291 0.905035 0.778018 0.579261 0.267094 0.0518914 0.0914443 0.372791 0.64669 0.823268 0.930855 0.984268 0.999945 
14.3487 0.835688 0.872682 0.909502 0.944403 0.974472 0.995045 0.998795 0.974879 0.908509 0.782559 0.583792 0.269619 0.052427 0.0923735 0.376156 0.651376 0.827572 0.933898 0.985774 1 
14.4289 0.831892 0.869128 0.906316 0.941753 0.972573 0.994153 0.999187 0.976777 0.911931 0.787081 0.588337 0.272163 0.0529681 0.093312 0.379543 0.656067 0.831845 0.936882 0.987204 0.999979 
14.509 0.828079 0.865547 0.903093 0.939056 0.970614 0.993191 0.999502 0.978602 0.915298 0.791582 0.592895 0.274728 0.0535148 0.0942597 0.382952 0.660762 0.836086 0.939804 0.98856 0.999882 
14.5892 0.82425 0.861941 0.899835 0.93631 0.968595 0.992158 0.999741 0.980354 0.918611 0.79606 0.597464 0.277313 0.0540672 0.0952167 0.386384 0.665459 0.840294 0.942664 0.98984 0.99971 
14.6693 0.820406 0.858311 0.896542 0.933519 0.966517 0.991055 0.999903 0.982033 0.921868 0.800516 0.602045 0.279918 0.0546252 0.0961832 0.389838 0.670159 0.844468 0.945462 0.991045 0.999462 
14.7495 0.816548 0.854658 0.893216 0.930682 0.964381 0.989884 0.99999 0.983638 0.925069 0.804947 0.606637 0.282542 0.0551891 0.0971592 0.393313 0.674861 0.848606 0.948196 0.992173 0.99914 
14.8297 0.812676 0.850983 0.889857 0.9278 0.962189 0.988643 1 0.985169 0.928212 0.809353 0.61124 0.285187 0.0557587 0.0981449 0.396811 0.679563 0.852709 0.950866 0.993226 0.998744 
14.9098 0.808792 0.847286 0.886467 0.924876 0.95994 0.987336 0.999935 0.986626 0.931297 0.813733 0.615852 0.287852 0.0563342 0.0991402 0.400331 0.684266 0.856774 0.953471 0.994203 0.998273 
14.99 0.804896 0.84357 0.883046 0.921909 0.957637 0.985961 0.999795 0.988008 0.934322 0.818085 0.620473 0.290538 0.0569156 0.100145 0.403872 0.688967 0.860801 0.95601 0.995104 0.99773 
15.0701 0.800989 0.839834 0.879596 0.918901 0.95528 0.98452 0.99958 0.989315 0.937287 0.822408 0.625103 0.293243 0.0575031 0.10116 0.407434 0.693667 0.864788 0.958483 0.995929 0.997113 
15.1503 0.797072 0.836079 0.876117 0.915853 0.95287 0.983014 0.99929 0.990547 0.940192 0.826702 0.629741 0.295968 0.0580966 0.102185 0.411019 0.698364 0.868735 0.960889 0.996678 0.996424 
15.2305 0.793146 0.832308 0.872611 0.912766 0.950408 0.981443 0.998927 0.991704 0.943034 0.830966 0.634386 0.298714 0.0586961 0.10322 0.414624 0.703058 0.87264 0.963227 0.99735 0.995663 
15.3106 0.789212 0.82852 0.869079 0.909641 0.947895 0.979808 0.998489 0.992786 0.945814 0.835197 0.639038 0.30148 0.0593019 0.104265 0.41825 0.707748 0.876503 0.965496 0.997946 0.994832 
15.3908 0.78527 0.824716 0.865521 0.90648 0.945333 0.978111 0.997979 0.993792 0.94853 0.839396 0.643695 0.304266 0.0599139 0.10532 0.421898 0.712432 0.880322 0.967697 0.998467 0.993929 
15.4709 0.781321 0.820897 0.861939 0.903282 0.942721 0.976351 0.997396 0.994722 0.951183 0.843561 0.648358 0.307072 0.0605321 0.106385 0.425566 0.717111 0.884096 0.969828 0.998911 0.992957 
15.5511 0.777367 0.817065 0.858334 0.900049 0.940062 0.974531 0.996741 0.995577 0.95377 0.847691 0.653025 0.309899 0.0611568 0.107461 0.429255 0.721782 0.887824 0.97189 0.99928 0.991915 
15.6313 0.773406 0.81322 0.854706 0.896783 0.937356 0.97265 0.996015 0.996356 0.956292 0.851784 0.657696 0.312745 0.0617878 0.108547 0.432964 0.726446 0.891506 0.973881 0.999573 0.990805 
15.7114 0.769442 0.809362 0.851056 0.893484 0.934605 0.97071 0.995217 0.997059 0.958748 0.855841 0.662369 0.315612 0.0624253 0.109644 0.436694 0.731101 0.895139 0.9758 0.99979 0.989626 
15.7916 0.765473 0.805494 0.847386 0.890153 0.931808 0.968711 0.994349 0.997687 0.961138 0.859859 0.667046 0.318498 0.0630694 0.110751 0.440443 0.735746 0.898724 0.977649 0.999933 0.988381 
15.8717 0.761502 0.801615 0.843697 0.886791 0.928968 0.966655 0.993412 0.998239 0.963459 0.863839 0.671723 0.321405 0.06372 0.111869 0.444213 0.740381 0.902259 0.979425 1 0.987069 
15.9519 0.757527 0.797726 0.839989 0.8834 0.926085 0.964543 0.992405 0.998715 0.965713 0.867778 0.676401 0.324332 0.0643773 0.112998 0.448002 0.745004 0.905744 0.98113 0.999993 0.985691 
16.0321 0.753552 0.793828 0.836263 0.87998 0.923161 0.962375 0.99133 0.999116 0.967898 0.871675 0.681079 0.327279 0.0650414 0.114137 0.45181 0.749615 0.909176 0.982762 0.999911 0.984249 
16.1122 0.749575 0.789922 0.83252 0.876532 0.920197 0.960152 0.990187 0.999443 0.970014 0.87553 0.685757 0.330246 0.0657123 0.115288 0.455637 0.754212 0.912556 0.984321 0.999756 0.982742 
16.1924 0.745597 0.78601 0.828761 0.873058 0.917192 0.957876 0.988977 0.999694 0.972061 0.879342 0.690432 0.333232 0.06639 0.116449 0.459484 0.758795 0.915883 0.985807 0.999527 0.981172 
16.2725 0.74162 0.78209 0.824988 0.869558 0.91415 0.955547 0.987701 0.99987 0.974037 0.88311 0.695105 0.336239 0.0670746 0.117622 0.463349 0.763363 0.919155 0.987219 0.999225 0.97954 
16.3527 0.737644 0.778165 0.8212 0.866033 0.91107 0.953166 0.986359 0.999972 0.975943 0.886832 0.699775 0.339265 0.0677663 0.118806 0.467232 0.767914 0.922371 0.988558 0.99885 0.977846 
16.4329 0.733669 0.774235 0.817399 0.862485 0.907953 0.950735 0.984952 1 0.977778 0.890507 0.704441 0.342311 0.068465 0.120001 0.471133 0.772448 0.925532 0.989823 0.998403 0.976091 
16.513 0.729696 0.770301 0.813585 0.858914 0.904802 0.948254 0.983482 0.999954 0.979541 0.894136 0.709101 0.345377 0.0691709 0.121208 0.475052 0.776963 0.928635 0.991015 0.997885 0.974276 
16.5932 0.725726 0.766363 0.80976 0.855321 0.901616 0.945724 0.981948 0.999834 0.981233 0.897716 0.713756 0.348462 0.0698839 0.122426 0.478989 0.781459 0.93168 0.992132 0.997295 0.972403 
16.6733 0.721759 0.762422 0.805924 0.851707 0.898397 0.943147 0.980352 0.999642 0.982853 0.901246 0.718404 0.351566 0.0706042 0.123656 0.482942 0.785935 0.934667 0.993174 0.996634 0.970471 
16.7535 0.717796 0.758479 0.802078 0.848073 0.895145 0.940523 0.978695 0.999376 0.984401 0.904726 0.723044 0.35469 0.0713319 0.124897 0.486913 0.790389 0.937594 0.994143 0.995903 0.968482 
16.8337 0.713838 0.754534 0.798223 0.844421 0.891863 0.937854 0.976977 0.999039 0.985876 0.908155 0.727676 0.357833 0.072067 0.12615 0.4909 0.794821 0.94046 0.995037 0.995103 0.966437 
16.9138 0.709884 0.750589 0.794359 0.84075 0.88855 0.93514 0.975199 0.998629 0.987278 0.911532 0.732298 0.360996 0.0728096 0.127415 0.494903 0.799229 0.943266 0.995857 0.994234 0.964337 
16.994 0.705936 0.746644 0.790488 0.837062 0.885208 0.932382 0.973362 0.998149 0.988607 0.914856 0.73691 0.364177 0.0735597 0.128691 0.498922 0.803613 0.94601 0.996603 0.993296 0.962182 
17.0741 0.701993 0.742699 0.786611 0.833358 0.881838 0.929582 0.971468 0.997597 0.989863 0.918126 0.74151 0.367378 0.0743175 0.12998 0.502956 0.807972 0.948691 0.997274 0.992291 0.959974 
17.1543 0.698057 0.738755 0.782727 0.829639 0.878441 0.926741 0.969516 0.996975 0.991046 0.921342 0.746099 0.370597 0.075083 0.131281 0.507005 0.812304 0.951309 0.997871 0.991219 0.957714 
17.2345 0.694128 0.734812 0.778838 0.825905 0.875017 0.923859 0.967508 0.996283 0.992155 0.924501 0.750674 0.373835 0.0758562 0.132594 0.511069 0.816609 0.953863 0.998394 0.990081 0.955402 
17.3146 0.690207 0.730872 0.774944 0.822157 0.871568 0.920938 0.965445 0.995523 0.993191 0.927604 0.755235 0.377091 0.0766373 0.133919 0.515148 0.820885 0.956353 0.998844 0.988877 0.95304 
17.3948 0.686293 0.726935 0.771046 0.818397 0.868096 0.917978 0.963328 0.994693 0.994153 0.93065 0.759781 0.380366 0.0774263 0.135257 0.51924 0.825132 0.958778 0.999219 0.987609 0.950629 
17.4749 0.682388 0.723002 0.767145 0.814624 0.864599 0.914982 0.961158 0.993796 0.995042 0.933638 0.764311 0.383659 0.0782233 0.136607 0.523345 0.829348 0.961137 0.999521 0.986276 0.948169 
17.5551 0.678491 0.719072 0.763242 0.810841 0.861081 0.911948 0.958935 0.992832 0.995857 0.936567 0.768824 0.38697 0.0790284 0.13797 0.527464 0.833532 0.96343 0.99975 0.98488 0.945661 
17.6353 0.674604 0.715147 0.759337 0.807047 0.857541 0.90888 0.956661 0.991801 0.996598 0.939437 0.773319 0.390298 0.0798417 0.139345 0.531595 0.837684 0.965656 0.999906 0.983422 0.943108 
17.7154 0.670726 0.711226 0.75543 0.803244 0.85398 0.905777 0.954337 0.990704 0.997266 0.942246 0.777795 0.393645 0.0806632 0.140733 0.535739 0.841803 0.967815 0.999989 0.981903 0.940508 
17.7956 0.666859 0.707312 0.751523 0.799432 0.8504 0.902641 0.951963 0.989542 0.997861 0.944994 0.782252 0.397009 0.081493 0.142133 0.539894 0.845886 0.969906 1 0.980322 0.937865 
17.8758 0.663001 0.703403 0.747617 0.795612 0.846802 0.899473 0.949541 0.988316 0.998382 0.94768 0.786687 0.400391 0.0823312 0.143547 0.54406 0.849935 0.971929 0.999939 0.978682 0.935178 
17.9559 0.659155 0.699502 0.743711 0.791785 0.843185 0.896273 0.947072 0.987026 0.998831 0.950304 0.791101 0.403789 0.0831778 0.144974 0.548237 0.853946 0.973883 0.999806 0.976982 0.932449 
18.0361 0.65532 0.695607 0.739806 0.787952 0.839552 0.893044 0.944556 0.985673 0.999206 0.952865 0.795492 0.407205 0.084033 0.146413 0.552424 0.85792 0.975769 0.999602 0.975225 0.929679 
18.1162 0.651496 0.691719 0.735904 0.784112 0.835903 0.889785 0.941995 0.984258 0.999509 0.955363 0.799859 0.410637 0.0848968 0.147866 0.556621 0.861855 0.977585 0.999327 0.97341 0.926868 
18.1964 0.647684 0.68784 0.732003 0.780268 0.832239 0.886497 0.939389 0.982781 0.99974 0.957796 0.804201 0.414085 0.0857694 0.149332 0.560827 0.865751 0.979331 0.998982 0.971539 0.924018 
18.2766 0.643885 0.683969 0.728106 0.77642 0.828561 0.883183 0.93674 0.981245 0.999898 0.960165 0.808517 0.41755 0.0866507 0.150811 0.565041 0.869606 0.981008 0.998567 0.969612 0.921129 
18.3567 0.640098 0.680107 0.724213 0.772568 0.824869 0.879842 0.934049 0.979648 0.999985 0.962468 0.812807 0.421031 0.0875409 0.152304 0.569264 0.87342 0.982614 0.998082 0.967631 0.918204 
18.4369 0.636323 0.676255 0.720324 0.768713 0.821165 0.876476 0.931317 0.977993 1 0.964705 0.817069 0.424528 0.08844 0.15381 0.573494 0.877191 0.98415 0.997529 0.965596 0.915242 
18.517 0.632563 0.672412 0.71644 0.764856 0.81745 0.873086 0.928544 0.97628 0.999944 0.966877 0.821302 0.42804 0.0893482 0.15533 0.577732 0.880918 0.985615 0.996907 0.963509 0.912245 
18.5972 0.628815 0.668579 0.712561 0.760998 0.813723 0.869672 0.925732 0.97451 0.999817 0.968981 0.825506 0.431567 0.0902655 0.156863 0.581975 0.884602 0.987009 0.996218 0.961369 0.909214 
18.6774 0.625082 0.664756 0.708687 0.757139 0.809986 0.866236 0.922881 0.972684 0.99962 0.971019 0.829678 0.435109 0.091192 0.15841 0.586225 0.88824 0.988332 0.995462 0.959179 0.906149 
18.7575 0.621362 0.660945 0.70482 0.753279 0.80624 0.862778 0.919994 0.970803 0.999354 0.972988 0.833819 0.438666 0.0921278 0.159971 0.59048 0.891832 0.989584 0.994639 0.956939 0.903053 
18.8377 0.617657 0.657144 0.70096 0.74942 0.802486 0.859299 0.91707 0.968867 0.999017 0.97489 0.837927 0.442237 0.0930729 0.161546 0.594739 0.895376 0.990764 0.993751 0.954651 0.899925 
18.9178 0.613966 0.653356 0.697107 0.745562 0.798723 0.855801 0.914111 0.966878 0.998612 0.976724 0.842002 0.445822 0.0940276 0.163135 0.599002 0.898873 0.991874 0.992797 0.952314 0.896767 
18.998 0.610291 0.649579 0.693262 0.741706 0.794954 0.852284 0.911117 0.964837 0.998139 0.978489 0.846042 0.449421 0.0949918 0.164737 0.603269 0.902321 0.992912 0.991779 0.949931 0.89358 
19.0782 0.60663 0.645815 0.689424 0.737851 0.791179 0.84875 0.908091 0.962744 0.997598 0.980185 0.850046 0.453033 0.0959656 0.166354 0.607539 0.905719 0.993878 0.990698 0.947501 0.890364 
19.1583 0.602985 0.642063 0.685596 0.734 0.787398 0.845198 0.905032 0.9606 0.996989 0.981812 0.854014 0.456659 0.0969491 0.167986 0.61181 0.909067 0.994774 0.989553 0.945027 0.887121 
19.2385 0.599355 0.638324 0.681776 0.730152 0.783612 0.84163 0.901942 0.958407 0.996314 0.98337 0.857944 0.460297 0.0979425 0.169631 0.616084 0.912364 0.995598 0.988346 0.942509 0.883852 
19.3186 0.595741 0.634598 0.677966 0.726307 0.779822 0.838047 0.898821 0.956165 0.995573 0.984858 0.861836 0.463947 0.0989457 0.171291 0.620357 0.915608 0.99635 0.987078 0.939948 0.880558 
19.3988 0.592143 0.630886 0.674166 0.722467 0.776029 0.834449 0.895672 0.953876 0.994766 0.986276 0.865689 0.46761 0.099959 0.172965 0.624631 0.918799 0.997032 0.985749 0.937345 0.877239 
19.479 0.588561 0.627188 0.670376 0.718632 0.772233 0.830838 0.892494 0.95154 0.993895 0.987625 0.869501 0.471284 0.100982 0.174654 0.628905 0.921937 0.997643 0.98436 0.934701 0.873897 
19.5591 0.584996 0.623503 0.666596 0.714803 0.768435 0.827214 0.889288 0.949158 0.992959 0.988904 0.873272 0.474969 0.102016 0.176358 0.633177 0.92502 0.998183 0.982911 0.932018 0.870532 
19.6393 0.581447 0.619833 0.662828 0.710979 0.764636 0.823579 0.886056 0.946731 0.99196 0.990112 0.877 0.478665 0.10306 0.178076 0.637447 0.928047 0.998652 0.981405 0.929295 0.867146 
19.7194 0.577915 0.616178 0.65907 0.707162 0.760835 0.819932 0.882799 0.944261 0.990898 0.991251 0.880686 0.482372 0.104114 0.179809 0.641715 0.931019 0.999051 0.979841 0.926534 0.863738 
19.7996 0.5744 0.612537 0.655325 0.703352 0.757035 0.816275 0.879518 0.941747 0.989775 0.992319 0.884328 0.486089 0.105178 0.181557 0.645979 0.933935 0.99938 0.978221 0.923737 0.860312 
19.8798 0.570902 0.608912 0.651591 0.699549 0.753235 0.812608 0.876212 0.939193 0.98859 0.993317 0.887925 0.489815 0.106253 0.18332 0.650239 0.936793 0.999639 0.976545 0.920903 0.856866 
19.9599 0.567421 0.605302 0.64787 0.695754 0.749436 0.808932 0.872884 0.936597 0.987344 0.994245 0.891476 0.493551 0.107339 0.185097 0.654494 0.939593 0.999828 0.974814 0.918035 0.853402 
20.0401 0.563958 0.601707 0.644161 0.691967 0.745639 0.805249 0.869535 0.933961 0.986039 0.995104 0.894981 0.497296 0.108436 0.18689 0.658744 0.942334 0.999949 0.973029 0.915132 0.849921 
20.1202 0.560512 0.598129 0.640466 0.688189 0.741845 0.801558 0.866165 0.931287 0.984675 0.995892 0.898438 0.501048 0.109543 0.188698 0.662987 0.945017 1 0.971191 0.912197 0.846424 
20.2004 0.557084 0.594566 0.636783 0.68442 0.738052 0.797861 0.862774 0.928575 0.983253 0.99661 0.901847 0.504809 0.110661 0.190521 0.667223 0.947639 0.999983 0.9693 0.909229 0.842912 
20.2806 0.553673 0.591019 0.633115 0.68066 0.734264 0.794158 0.859365 0.925826 0.981773 0.997259 0.905207 0.508577 0.11179 0.192359 0.671451 0.950201 0.999898 0.967359 0.906231 0.839385 
20.3607 0.550281 0.587489 0.62946 0.67691 0.730479 0.79045 0.855938 0.923041 0.980238 0.997838 0.908518 0.512353 0.112931 0.194213 0.675671 0.952703 0.999745 0.965367 0.903203 0.835844 
20.4409 0.546906 0.583975 0.625819 0.673171 0.726699 0.786738 0.852494 0.920221 0.978646 0.998348 0.911778 0.516134 0.114082 0.196082 0.679881 0.955143 0.999526 0.963326 0.900145 0.83229 
20.521 0.54355 0.580478 0.622193 0.669442 0.722923 0.783022 0.849033 0.917368 0.977 0.998789 0.914986 0.519922 0.115245 0.197966 0.684081 0.957521 0.999239 0.961236 0.897059 0.828725 
20.6012 0.540211 0.576998 0.618581 0.665725 0.719153 0.779303 0.845556 0.914481 0.9753 0.999161 0.918143 0.523715 0.11642 0.199866 0.68827 0.959837 0.998887 0.959099 0.893947 0.825148 
20.6814 0.536892 0.573535 0.614984 0.662018 0.715389 0.775581 0.842065 0.911563 0.973547 0.999464 0.921247 0.527513 0.117605 0.201782 0.692447 0.96209 0.998468 0.956916 0.890808 0.82156 
20.7615 0.53359 0.570089 0.611402 0.658324 0.711632 0.771858 0.838561 0.908613 0.971742 0.9997 0.924298 0.531316 0.118803 0.203713 0.696612 0.96428 0.997985 0.954686 0.887643 0.817963 
20.8417 0.530307 0.56666 0.607835 0.654641 0.707881 0.768134 0.835043 0.905634 0.969886 0.999867 0.927294 0.535123 0.120012 0.20566 0.700763 0.966406 0.997437 0.952412 0.884455 0.814357 
20.9218 0.527043 0.563249 0.604284 0.650971 0.704138 0.764409 0.831513 0.902625 0.967979 0.999967 0.930235 0.538933 0.121233 0.207622 0.7049 0.968469 0.996826 0.950095 0.881242 0.810743 
21.002 0.523797 0.559855 0.600749 0.647314 0.700402 0.760685 0.827971 0.899589 0.966023 1 0.933122 0.542746 0.122466 0.209601 0.709022 0.970467 0.996151 0.947734 0.878008 0.807122 
21.0822 0.52057 0.556479 0.59723 0.643669 0.696675 0.756961 0.824419 0.896525 0.964019 0.999966 0.935952 0.546561 0.123711 0.211595 0.713128 0.9724 0.995413 0.945332 0.874752 0.803493 
21.1623 0.517362 0.553121 0.593727 0.640038 0.692956 0.753239 0.820858 0.893435 0.961967 0.999866 0.938725 0.550378 0.124968 0.213605 0.717218 0.974269 0.994614 0.942889 0.871475 0.799859 
21.2425 0.514173 0.549781 0.59024 0.636421 0.689247 0.749518 0.817287 0.89032 0.959868 0.9997 0.941442 0.554196 0.126237 0.215631 0.72129 0.976073 0.993753 0.940406 0.868178 0.79622 
21.3226 0.511002 0.546459 0.58677 0.632817 0.685547 0.745801 0.813708 0.887181 0.957724 0.999469 0.9441 0.558015 0.127518 0.217673 0.725344 0.977811 0.992831 0.937885 0.864863 0.792576 
21.4028 0.507851 0.543156 0.583316 0.629227 0.681857 0.742086 0.810121 0.884018 0.955535 0.999173 0.9467 0.561835 0.128812 0.219731 0.729379 0.979484 0.99185 0.935325 0.861529 0.788928 
21.483 0.504718 0.53987 0.579879 0.625652 0.678177 0.738375 0.806527 0.880833 0.953303 0.998812 0.949242 0.565653 0.130119 0.221805 0.733394 0.981092 0.990809 0.932728 0.858178 0.785277 
21.5631 0.501605 0.536603 0.576459 0.622091 0.674507 0.734667 0.802928 0.877626 0.951027 0.998388 0.951724 0.569471 0.131438 0.223895 0.737389 0.982633 0.98971 0.930096 0.854811 0.781623 
21.6433 0.49851 0.533354 0.573057 0.618546 0.670849 0.730965 0.799323 0.874398 0.94871 0.997901 0.954147 0.573287 0.132769 0.226001 0.741362 0.984109 0.988554 0.927429 0.851429 0.777967 
21.7234 0.495435 0.530124 0.569671 0.615015 0.667202 0.727268 0.795713 0.871151 0.946352 0.997351 0.956509 0.5771 0.134114 0.228123 0.745313 0.985518 0.98734 0.924727 0.848032 0.77431 
21.8036 0.492379 0.526913 0.566304 0.611499 0.663566 0.723576 0.792099 0.867884 0.943954 0.996739 0.958811 0.580911 0.135472 0.230262 0.74924 0.986862 0.98607 0.921993 0.844621 0.770653 
21.8838 0.489342 0.52372 0.562953 0.608 0.659943 0.719891 0.788482 0.8646 0.941517 0.996066 0.961051 0.584718 0.136842 0.232417 0.753144 0.988139 0.984745 0.919226 0.841197 0.766995 
21.9639 0.486324 0.520545 0.559621 0.604515 0.656332 0.716212 0.784862 0.861298 0.939042 0.995332 0.963231 0.588521 0.138226 0.234588 0.757023 0.98935 0.983365 0.916428 0.83776 0.763338 
22.0441 0.483325 0.51739 0.556306 0.601047 0.652733 0.71254 0.781241 0.85798 0.93653 0.994539 0.965349 0.59232 0.139623 0.236775 0.760876 0.990496 0.981932 0.9136 0.834313 0.759683 
22.1242 0.480345 0.514253 0.553009 0.597595 0.649148 0.708876 0.777617 0.854647 0.933982 0.993685 0.967404 0.596113 0.141034 0.238979 0.764703 0.991575 0.980446 0.910743 0.830855 0.756029 
22.2044 0.477385 0.511136 0.54973 0.594159 0.645575 0.705219 0.773993 0.851298 0.931399 0.992773 0.969398 0.599899 0.142458 0.241198 0.768503 0.992588 0.978907 0.907857 0.827386 0.752377 
22.2846 0.474444 0.508037 0.546469 0.59074 0.642017 0.701571 0.770369 0.847936 0.928781 0.991804 0.971329 0.60368 0.143895 0.243435 0.772275 0.993535 0.977318 0.904944 0.823909 0.748728 
22.3647 0.471522 0.504957 0.543227 0.587337 0.638471 0.697932 0.766746 0.844561 0.92613 0.990777 0.973197 0.607453 0.145346 0.245687 0.776019 0.994417 0.975678 0.902004 0.820424 0.745082 
22.4449 0.46862 0.501896 0.540003 0.583951 0.63494 0.694302 0.763123 0.841174 0.923447 0.989693 0.975003 0.611218 0.146811 0.247956 0.779732 0.995233 0.973989 0.899039 0.816931 0.741441 
22.5251 0.465736 0.498855 0.536797 0.580582 0.631424 0.690681 0.759502 0.837775 0.920733 0.988554 0.976745 0.614974 0.14829 0.250241 0.783416 0.995983 0.972251 0.89605 0.813431 0.737803 
22.6052 0.462872 0.495832 0.53361 0.577231 0.627921 0.687071 0.755883 0.834366 0.917988 0.98736 0.978424 0.618721 0.149783 0.252543 0.787068 0.996669 0.970465 0.893036 0.809925 0.734171 
22.6854 0.460027 0.492828 0.530441 0.573896 0.624434 0.68347 0.752267 0.830947 0.915214 0.986112 0.98004 0.622458 0.15129 0.254861 0.790689 0.997289 0.968633 0.89 0.806413 0.730544 
22.7655 0.457201 0.489844 0.52729 0.570579 0.620961 0.679881 0.748654 0.827518 0.912411 0.984811 0.981592 0.626185 0.152811 0.257195 0.794277 0.997845 0.966755 0.886942 0.802897 0.726923 
22.8457 0.454394 0.486878 0.524159 0.567279 0.617504 0.676302 0.745044 0.824081 0.909581 0.983457 0.98308 0.6299 0.154347 0.259546 0.797832 0.998336 0.964832 0.883863 0.799376 0.723309 
22.9259 0.451606 0.483932 0.521046 0.563997 0.614062 0.672735 0.74144 0.820637 0.906724 0.982051 0.984505 0.633603 0.155897 0.261913 0.801353 0.998763 0.962865 0.880763 0.795852 0.719701 
23.006 0.448838 0.481005 0.517952 0.560733 0.610636 0.66918 0.73784 0.817185 0.903841 0.980595 0.985867 0.637294 0.157462 0.264297 0.804839 0.999126 0.960854 0.877645 0.792325 0.716101 
23.0862 0.446089 0.478097 0.514877 0.557487 0.607226 0.665637 0.734245 0.813727 0.900933 0.979088 0.987164 0.640972 0.159041 0.266696 0.80829 0.999426 0.958802 0.874507 0.788797 0.712508 
23.1663 0.443358 0.475209 0.511821 0.554258 0.603832 0.662106 0.730656 0.810264 0.898001 0.977533 0.988398 0.644635 0.160635 0.269112 0.811705 0.999663 0.956708 0.871353 0.785266 0.708924 
23.2465 0.440647 0.472339 0.508783 0.551048 0.600453 0.658588 0.727073 0.806796 0.895047 0.975929 0.989569 0.648284 0.162245 0.271545 0.815082 0.999838 0.954574 0.868181 0.781735 0.705348 
23.3267 0.437955 0.469489 0.505765 0.547856 0.597092 0.655082 0.723497 0.803323 0.89207 0.974277 0.990676 0.651918 0.163869 0.273993 0.818423 0.99995 0.9524 0.864994 0.778204 0.701781 
23.4068 0.435281 0.466657 0.502765 0.544682 0.593747 0.65159 0.719928 0.799848 0.889072 0.97258 0.99172 0.655536 0.165508 0.276458 0.821725 1 0.950188 0.861792 0.774672 0.698223 
23.487 0.432627 0.463845 0.499785 0.541527 0.590418 0.648112 0.716367 0.796369 0.886053 0.970836 0.9927 0.659137 0.167162 0.278939 0.824988 0.999989 0.947938 0.858575 0.771142 0.694676 
23.5671 0.429991 0.461052 0.496824 0.538389 0.587107 0.644647 0.712814 0.792888 0.883015 0.969048 0.993618 0.662721 0.168832 0.281436 0.828211 0.999917 0.945652 0.855345 0.767613 0.691138 
23.6473 0.427375 0.458278 0.493881 0.535271 0.583813 0.641196 0.709269 0.789406 0.879958 0.967216 0.994472 0.666287 0.170517 0.28395 0.831395 0.999785 0.94333 0.852103 0.764087 0.687611 
23.7275 0.424777 0.455523 0.490958 0.532171 0.580535 0.63776 0.705734 0.785922 0.876884 0.96534 0.995264 0.669834 0.172218 0.286479 0.834538 0.999593 0.940973 0.848848 0.760563 0.684095 
23.8076 0.422198 0.452788 0.488054 0.529089 0.577275 0.634338 0.702207 0.782438 0.873792 0.963423 0.995994 0.673362 0.173935 0.289025 0.837639 0.999342 0.938582 0.845583 0.757042 0.68059 
23.8878 0.419638 0.450071 0.485169 0.526027 0.574033 0.630931 0.69869 0.778955 0.870685 0.961465 0.996662 0.67687 0.175667 0.291586 0.840699 0.999032 0.936158 0.842307 0.753524 0.677096 
23.9679 0.417096 0.447373 0.482303 0.522983 0.570808 0.627539 0.695184 0.775472 0.867562 0.959466 0.997267 0.680358 0.177415 0.294163 0.843716 0.998664 0.933702 0.839021 0.750011 0.673615 
24.0481 0.414573 0.444695 0.479456 0.519958 0.567601 0.624163 0.691687 0.771991 0.864424 0.957428 0.997811 0.683824 0.17918 0.296757 0.84669 0.998239 0.931215 0.835727 0.746503 0.670145 
24.1283 0.412069 0.442035 0.476629 0.516951 0.564412 0.620801 0.688202 0.768512 0.861273 0.955351 0.998294 0.687268 0.18096 0.299366 0.849621 0.997757 0.928698 0.832424 0.743 0.666689 
24.2084 0.409583 0.439394 0.47382 0.513964 0.56124 0.617456 0.684727 0.765035 0.858109 0.953237 0.998716 0.69069 0.182757 0.30199 0.852507 0.997219 0.926152 0.829115 0.739502 0.663245 
24.2886 0.407115 0.436773 0.471031 0.510995 0.558087 0.614126 0.681264 0.761561 0.854932 0.951087 0.999077 0.694089 0.18457 0.304631 0.855349 0.996625 0.923578 0.825798 0.736011 0.659814 
24.3687 0.404667 0.43417 0.468261 0.508046 0.554951 0.610813 0.677813 0.758091 0.851745 0.9489 0.999379 0.697464 0.186399 0.307287 0.858146 0.995976 0.920975 0.822476 0.732526 0.656396 
24.4489 0.402236 0.431586 0.465509 0.505115 0.551834 0.607515 0.674374 0.754625 0.848547 0.946679 0.999621 0.700814 0.188245 0.309959 0.860897 0.995273 0.918347 0.819148 0.729048 0.652992 
24.5291 0.399824 0.42902 0.462777 0.502204 0.548736 0.604234 0.670947 0.751164 0.845339 0.944424 0.999803 0.704139 0.190108 0.312646 0.863602 0.994517 0.915693 0.815816 0.725578 0.649602 
24.6092 0.39743 0.426474 0.460064 0.499311 0.545655 0.60097 0.667533 0.747707 0.842122 0.942137 0.999927 0.707439 0.191987 0.315348 0.866261 0.993708 0.913014 0.81248 0.722116 0.646226 
24.6894 0.395054 0.423946 0.45737 0.496438 0.542593 0.597722 0.664132 0.744257 0.838896 0.939817 0.999992 0.710713 0.193884 0.318066 0.868873 0.992847 0.910311 0.809141 0.718662 0.642865 
24.7695 0.392696 0.421437 0.454695 0.493584 0.53955 0.594491 0.660745 0.740812 0.835663 0.937466 1 0.713959 0.195797 0.320798 0.871438 0.991935 0.907585 0.805799 0.715217 0.639519 
24.8497 0.390357 0.418946 0.45204 0.490748 0.536525 0.591278 0.657371 0.737374 0.832423 0.935084 0.99995 0.717179 0.197728 0.323546 0.873955 0.990972 0.904837 0.802455 0.711781 0.636187 
24.9299 0.388035 0.416475 0.449403 0.487932 0.533519 0.588081 0.65401 0.733943 0.829177 0.932674 0.999844 0.72037 0.199676 0.326309 0.876425 0.989959 0.902068 0.79911 0.708355 0.63287 
25.01 0.385732 0.414021 0.446785 0.485135 0.530532 0.584902 0.650664 0.73052 0.825926 0.930235 0.999682 0.723532 0.201641 0.329087 0.878846 0.988897 0.899278 0.795764 0.704939 0.629569 
25.0902 0.383446 0.411586 0.444186 0.482357 0.527563 0.581741 0.647333 0.727104 0.822669 0.927768 0.999464 0.726666 0.203624 0.331879 0.881219 0.987787 0.89647 0.792417 0.701532 0.626283 
25.1703 0.381178 0.40917 0.441606 0.479599 0.524613 0.578597 0.644016 0.723697 0.819409 0.925275 0.999191 0.729769 0.205624 0.334686 0.883542 0.98663 0.893642 0.789072 0.698137 0.623013 
25.2505 0.378928 0.406772 0.439044 0.476859 0.521682 0.57547 0.640714 0.720298 0.816145 0.922757 0.998864 0.732843 0.207642 0.337508 0.885817 0.985426 0.890796 0.785727 0.694753 0.61976 
25.3307 0.376696 0.404392 0.436502 0.474138 0.518771 0.572362 0.637427 0.716909 0.812878 0.920213 0.998483 0.735886 0.209678 0.340343 0.888043 0.984177 0.887934 0.782384 0.69138 0.616522 
25.4108 0.374481 0.402031 0.433979 0.471437 0.515878 0.569272 0.634155 0.713529 0.809609 0.917646 0.998049 0.738897 0.211732 0.343193 0.890218 0.982882 0.885055 0.779044 0.688019 0.613301 
25.491 0.372284 0.399688 0.431474 0.468755 0.513004 0.566199 0.630899 0.710159 0.806338 0.915055 0.997562 0.741877 0.213803 0.346058 0.892344 0.981544 0.882161 0.775706 0.68467 0.610096 
25.5711 0.370104 0.397363 0.428988 0.466092 0.510149 0.563145 0.627658 0.7068 0.803067 0.912442 0.997024 0.744824 0.215893 0.348936 0.894421 0.980162 0.879253 0.772371 0.681333 0.606908 
25.6513 0.367942 0.395056 0.426521 0.463447 0.507313 0.560109 0.624434 0.703451 0.799795 0.909808 0.996435 0.747739 0.218001 0.351828 0.896447 0.978737 0.876331 0.76904 0.678009 0.603736 
25.7315 0.365798 0.392767 0.424072 0.460822 0.504496 0.557092 0.621225 0.700113 0.796523 0.907154 0.995795 0.75062 0.220127 0.354733 0.898422 0.977272 0.873396 0.765713 0.674698 0.600582 
25.8116 0.36367 0.390496 0.421642 0.458217 0.501699 0.554092 0.618033 0.696786 0.793252 0.90448 0.995106 0.753468 0.222272 0.357652 0.900348 0.975765 0.870448 0.762392 0.6714 0.597445 
25.8918 0.36156 0.388243 0.419231 0.45563 0.49892 0.551112 0.614858 0.693471 0.789983 0.901787 0.994367 0.756282 0.224436 0.360585 0.902223 0.974219 0.86749 0.759075 0.668116 0.594325 
25.9719 0.359467 0.386008 0.416838 0.453062 0.496161 0.54815 0.611699 0.690168 0.786716 0.899076 0.993581 0.759061 0.226618 0.36353 0.904047 0.972633 0.86452 0.755765 0.664846 0.591223 
26.0521 0.357391 0.383791 0.414463 0.450513 0.493421 0.545207 0.608557 0.686878 0.783451 0.896348 0.992747 0.761805 0.228818 0.366489 0.905821 0.97101 0.861541 0.75246 0.66159 0.588138 
26.1323 0.355332 0.381592 0.412107 0.447983 0.4907 0.542282 0.605432 0.6836 0.78019 0.893604 0.991867 0.764513 0.231038 0.36946 0.907544 0.969349 0.858553 0.749163 0.658348 0.585072 
26.2124 0.35329 0.37941 0.40977 0.445472 0.487998 0.539376 0.602324 0.680335 0.776932 0.890844 0.990941 0.767187 0.233277 0.372444 0.909217 0.967652 0.855556 0.745873 0.655121 0.582023 
26.2926 0.351265 0.377246 0.40745 0.44298 0.485315 0.53649 0.599234 0.677084 0.773678 0.88807 0.989969 0.769823 0.235534 0.375441 0.910839 0.965919 0.852552 0.74259 0.651908 0.578992 
26.3727 0.349257 0.3751 0.40515 0.440507 0.482652 0.533622 0.596161 0.673846 0.770429 0.885282 0.988954 0.772424 0.237811 0.37845 0.912411 0.964152 0.849541 0.739315 0.648711 0.575979 
26.4529 0.347265 0.372971 0.402867 0.438052 0.480008 0.530773 0.593106 0.670622 0.767185 0.882481 0.987895 0.774988 0.240107 0.381471 0.913932 0.962351 0.846524 0.736049 0.64553 0.572984 
26.5331 0.345291 0.370859 0.400602 0.435617 0.477383 0.527943 0.590068 0.667412 0.763947 0.879667 0.986793 0.777514 0.242422 0.384503 0.915403 0.960517 0.843501 0.732792 0.642363 0.570007 
26.6132 0.343333 0.368765 0.398356 0.4332 0.474777 0.525132 0.587048 0.664216 0.760715 0.876843 0.985649 0.780003 0.244757 0.387548 0.916823 0.958652 0.840473 0.729545 0.639213 0.567049 
26.6934 0.341391 0.366688 0.396128 0.430802 0.472191 0.522341 0.584047 0.661035 0.757489 0.874007 0.984465 0.782455 0.247112 0.390604 0.918194 0.956755 0.837441 0.726307 0.636079 0.56411 
26.7735 0.339466 0.364629 0.393918 0.428423 0.469623 0.519568 0.581063 0.65787 0.754271 0.871161 0.98324 0.784868 0.249486 0.393671 0.919514 0.954828 0.834406 0.723079 0.63296 0.561189 
26.8537 0.337557 0.362587 0.391725 0.426063 0.467075 0.516815 0.578098 0.654719 0.75106 0.868307 0.981975 0.787244 0.25188 0.39675 0.920785 0.952872 0.831367 0.719862 0.629859 0.558287 
26.9339 0.335665 0.360562 0.389551 0.423721 0.464546 0.514081 0.575151 0.651583 0.747858 0.865444 0.980673 0.78958 0.254293 0.399839 0.922005 0.950887 0.828327 0.716656 0.626773 0.555404 
27.014 0.333789 0.358554 0.387395 0.421398 0.462036 0.511366 0.572222 0.648464 0.744663 0.862573 0.979332 0.791879 0.256727 0.402939 0.923177 0.948875 0.825285 0.713461 0.623705 0.552539 
27.0942 0.331929 0.356563 0.385256 0.419093 0.459546 0.508671 0.569313 0.64536 0.741478 0.859695 0.977955 0.794138 0.259181 0.406049 0.924299 0.946836 0.822242 0.710278 0.620654 0.549694 
27.1743 0.330086 0.354588 0.383135 0.416807 0.457074 0.505995 0.566421 0.642272 0.738302 0.856811 0.976542 0.796358 0.261654 0.40917 0.925373 0.944772 0.819199 0.707106 0.617619 0.546867 
27.2545 0.328258 0.352631 0.381032 0.414539 0.454622 0.503338 0.563549 0.6392 0.735136 0.853921 0.975093 0.79854 0.264149 0.4123 0.926397 0.942682 0.816157 0.703947 0.614603 0.544059 
27.3347 0.326446 0.350691 0.378947 0.41229 0.452189 0.500701 0.560695 0.636145 0.73198 0.851026 0.973611 0.800681 0.266663 0.41544 0.927374 0.940569 0.813115 0.700801 0.611603 0.541271 
27.4148 0.324651 0.348767 0.376879 0.410059 0.449775 0.498083 0.557861 0.633107 0.728834 0.848127 0.972095 0.802784 0.269198 0.41859 0.928302 0.938432 0.810074 0.697668 0.608621 0.538502 
27.495 0.322871 0.346861 0.374829 0.407847 0.447379 0.495485 0.555045 0.630086 0.725699 0.845225 0.970546 0.804847 0.271753 0.421749 0.929183 0.936273 0.807036 0.694548 0.605658 0.535752 
27.5752 0.321107 0.34497 0.372796 0.405653 0.445003 0.492906 0.552249 0.627081 0.722576 0.84232 0.968966 0.80687 0.274329 0.424917 0.930016 0.934093 0.804001 0.691442 0.602712 0.533022 
27.6553 0.319359 0.343097 0.370781 0.403477 0.442646 0.490347 0.549471 0.624094 0.719464 0.839413 0.967356 0.808853 0.276925 0.428093 0.930802 0.931892 0.800969 0.688349 0.599784 0.53031 
27.7355 0.317626 0.34124 0.368783 0.40132 0.440308 0.487807 0.546713 0.621125 0.716364 0.836504 0.965715 0.810797 0.279542 0.431278 0.931542 0.929672 0.79794 0.685271 0.596874 0.527619 
27.8156 0.315909 0.339399 0.366802 0.39918 0.437989 0.485286 0.543974 0.618173 0.713277 0.833594 0.964045 0.812701 0.28218 0.434472 0.932235 0.927432 0.794916 0.682207 0.593983 0.524946 
27.8958 0.314208 0.337575 0.364839 0.397059 0.435689 0.482785 0.541255 0.615238 0.710202 0.830684 0.962347 0.814565 0.284839 0.437673 0.932883 0.925175 0.791897 0.679158 0.59111 0.522294 
27.976 0.312522 0.335767 0.362893 0.394956 0.433408 0.480303 0.538555 0.612322 0.707141 0.827774 0.960622 0.816389 0.287519 0.440882 0.933485 0.9229 0.788883 0.676125 0.588256 0.51966 
28.0561 0.310852 0.333975 0.360964 0.392871 0.431145 0.477841 0.535875 0.609424 0.704092 0.824866 0.958871 0.818174 0.29022 0.444099 0.934043 0.920609 0.785875 0.673106 0.58542 0.517047 
28.1363 0.309197 0.332199 0.359052 0.390804 0.428902 0.475399 0.533214 0.606544 0.701058 0.821959 0.957094 0.819919 0.292942 0.447322 0.934556 0.918303 0.782874 0.670103 0.582604 0.514453 
28.2164 0.307557 0.33044 0.357157 0.388755 0.426677 0.472976 0.530572 0.603682 0.698037 0.819054 0.955292 0.821624 0.295686 0.450553 0.935025 0.915982 0.779879 0.667116 0.579806 0.511879 
28.2966 0.305932 0.328697 0.355279 0.386724 0.424472 0.470572 0.527951 0.600839 0.695031 0.816152 0.953467 0.82329 0.29845 0.45379 0.935451 0.913647 0.776892 0.664145 0.577028 0.509324 
28.3768 0.304323 0.32697 0.353418 0.38471 0.422284 0.468188 0.525349 0.598015 0.69204 0.813253 0.951619 0.824916 0.301236 0.457034 0.935834 0.911299 0.773913 0.661191 0.574269 0.506789 
28.4569 0.302729 0.325258 0.351574 0.382715 0.420116 0.465823 0.522767 0.59521 0.689063 0.810358 0.949749 0.826503 0.304044 0.460284 0.936175 0.908938 0.770942 0.658253 0.571529 0.504274 
28.5371 0.30115 0.323563 0.349747 0.380737 0.417967 0.463478 0.520204 0.592423 0.686102 0.807468 0.947857 0.82805 0.306873 0.46354 0.936474 0.906567 0.767981 0.655332 0.568808 0.501779 
28.6172 0.299585 0.321884 0.347936 0.378777 0.415836 0.461153 0.517662 0.589655 0.683156 0.804583 0.945946 0.829559 0.309723 0.466801 0.936732 0.904184 0.765028 0.652428 0.566107 0.499303 
28.6974 0.298036 0.32022 0.346143 0.376835 0.413723 0.458846 0.515139 0.586907 0.680226 0.801703 0.944014 0.831029 0.312596 0.470067 0.936949 0.901792 0.762085 0.649541 0.563426 0.496848 
28.7776 0.296502 0.318572 0.344366 0.374911 0.41163 0.45656 0.512637 0.584178 0.677312 0.798829 0.942065 0.83246 0.31549 0.473339 0.937127 0.899391 0.759153 0.646671 0.560764 0.494412 
28.8577 0.294982 0.31694 0.342605 0.373004 0.409555 0.454292 0.510154 0.581469 0.674414 0.795963 0.940097 0.833852 0.318405 0.476615 0.937265 0.896981 0.756231 0.64382 0.558122 0.491996 
28.9379 0.293477 0.315323 0.340862 0.371114 0.407498 0.452045 0.507691 0.578779 0.671533 0.793103 0.938113 0.835207 0.321343 0.479896 0.937364 0.894564 0.75332 0.640986 0.5555 0.4896 
29.018 0.291987 0.313722 0.339134 0.369242 0.40546 0.449816 0.505249 0.576108 0.668668 0.790251 0.936113 0.836523 0.324302 0.483181 0.937425 0.89214 0.75042 0.63817 0.552897 0.487224 
29.0982 0.290512 0.312137 0.337423 0.367388 0.403441 0.447608 0.502826 0.573458 0.665821 0.787407 0.934097 0.837802 0.327284 0.486469 0.937449 0.88971 0.747533 0.635373 0.550315 0.484867 
29.1784 0.289051 0.310567 0.335729 0.365551 0.40144 0.445418 0.500423 0.570827 0.662991 0.784572 0.932068 0.839043 0.330288 0.489762 0.937436 0.887274 0.744658 0.632594 0.547753 0.482531 
29.2585 0.287605 0.309012 0.334051 0.363731 0.399457 0.443248 0.498041 0.568216 0.660178 0.781746 0.930024 0.840247 0.333313 0.493058 0.937387 0.884834 0.741795 0.629833 0.545211 0.480215 
29.3387 0.286173 0.307473 0.332389 0.361929 0.397493 0.441097 0.495679 0.565626 0.657384 0.77893 0.927968 0.841415 0.336361 0.496356 0.937303 0.882391 0.738946 0.627092 0.542689 0.477919 
29.4188 0.284756 0.305949 0.330744 0.360144 0.395547 0.438966 0.493336 0.563055 0.654607 0.776123 0.925901 0.842546 0.339431 0.499658 0.937184 0.879944 0.73611 0.624369 0.540188 0.475642 
29.499 0.283353 0.304441 0.329115 0.358376 0.39362 0.436854 0.491015 0.560505 0.651849 0.773328 0.923822 0.843641 0.342523 0.502962 0.93703 0.877495 0.733287 0.621666 0.537707 0.473386 
29.5792 0.281965 0.302947 0.327502 0.356626 0.391711 0.434762 0.488713 0.557975 0.649109 0.770543 0.921733 0.8447 0.345638 0.506268 0.936844 0.875044 0.73048 0.618982 0.535246 0.47115 
29.6593 0.280591 0.301469 0.325905 0.354893 0.38982 0.432689 0.486431 0.555465 0.646387 0.76777 0.919634 0.845724 0.348775 0.509577 0.936625 0.872592 0.727686 0.616318 0.532806 0.468933 
29.7395 0.279231 0.300006 0.324324 0.353177 0.387947 0.430635 0.48417 0.552976 0.643685 0.765009 0.917527 0.846713 0.351934 0.512887 0.936375 0.87014 0.724908 0.613673 0.530386 0.466737 
29.8196 0.277885 0.298558 0.32276 0.351478 0.386093 0.428601 0.481929 0.550508 0.641001 0.76226 0.915412 0.847668 0.355116 0.516198 0.936093 0.867688 0.722145 0.611048 0.527987 0.464561 
29.8998 0.276554 0.297126 0.321211 0.349796 0.384257 0.426586 0.479709 0.54806 0.638337 0.759524 0.913291 0.848588 0.358321 0.51951 0.935781 0.865237 0.719397 0.608443 0.525609 0.462405 
29.98 0.275237 0.295708 0.319678 0.348131 0.382439 0.42459 0.477508 0.545633 0.635692 0.756802 0.911163 0.849475 0.361548 0.522824 0.93544 0.862789 0.716666 0.605859 0.523251 0.460269 
30.0601 0.273934 0.294305 0.318161 0.346483 0.380639 0.422614 0.475328 0.543227 0.633067 0.754093 0.909029 0.850329 0.364798 0.526138 0.935069 0.860342 0.713951 0.603294 0.520915 0.458153 
30.1403 0.272645 0.292917 0.316661 0.344852 0.378857 0.420656 0.473169 0.540842 0.630462 0.751398 0.906891 0.85115 0.36807 0.529452 0.934671 0.857899 0.711252 0.600751 0.518599 0.456057 
30.2204 0.27137 0.291544 0.315176 0.343238 0.377093 0.418719 0.47103 0.538478 0.627877 0.748717 0.904749 0.851939 0.371365 0.532767 0.934246 0.855459 0.70857 0.598227 0.516304 0.453981 
30.3006 0.270109 0.290186 0.313707 0.341641 0.375348 0.4168 0.468911 0.536135 0.625312 0.746051 0.902604 0.852697 0.374683 0.536081 0.933794 0.853024 0.705906 0.595725 0.51403 0.451925 
30.3808 0.268862 0.288843 0.312253 0.340061 0.37362 0.414901 0.466813 0.533813 0.622767 0.743401 0.900457 0.853423 0.378023 0.539395 0.933317 0.850594 0.703259 0.593243 0.511777 0.44989 
30.4609 0.267628 0.287514 0.310816 0.338497 0.371911 0.413021 0.464735 0.531512 0.620243 0.740766 0.898308 0.854119 0.381387 0.542709 0.932815 0.84817 0.700631 0.590782 0.509545 0.447874 
30.5411 0.266409 0.286201 0.309394 0.336951 0.370219 0.41116 0.462678 0.529233 0.61774 0.738148 0.896158 0.854785 0.384773 0.546021 0.932289 0.845752 0.69802 0.588343 0.507334 0.445879 
30.6212 0.265204 0.284902 0.307988 0.335421 0.368546 0.409319 0.460641 0.526974 0.615258 0.735545 0.894008 0.855421 0.388182 0.549333 0.931741 0.843341 0.695428 0.585925 0.505144 0.443903 
30.7014 0.264012 0.283617 0.306597 0.333908 0.36689 0.407497 0.458624 0.524738 0.612797 0.73296 0.891859 0.856029 0.391614 0.552643 0.931169 0.840937 0.692855 0.583528 0.502976 0.441948 
30.7816 0.262835 0.282348 0.305223 0.332412 0.365253 0.405694 0.456629 0.522523 0.610357 0.730392 0.889712 0.856608 0.39507 0.555952 0.930577 0.838542 0.6903 0.581153 0.500829 0.440013 
30.8617 0.261671 0.281093 0.303863 0.330932 0.363633 0.40391 0.454653 0.520329 0.607938 0.727841 0.887566 0.85716 0.398548 0.559259 0.929964 0.836156 0.687766 0.5788 0.498703 0.438099 
30.9419 0.260521 0.279853 0.30252 0.329469 0.362031 0.402146 0.452699 0.518157 0.605541 0.725308 0.885423 0.857685 0.402049 0.562564 0.929331 0.833778 0.685251 0.576468 0.496599 0.436204 
31.022 0.259384 0.278627 0.301192 0.328023 0.360448 0.4004 0.450765 0.516007 0.603166 0.722793 0.883284 0.858184 0.405573 0.565867 0.928679 0.831411 0.682756 0.574159 0.494516 0.43433 
31.1022 0.258262 0.277416 0.29988 0.326594 0.358882 0.398675 0.448851 0.513879 0.600813 0.720297 0.881149 0.858657 0.409121 0.569167 0.928009 0.829055 0.680281 0.571871 0.492454 0.432476 
31.1824 0.257153 0.276219 0.298583 0.325181 0.357334 0.396968 0.446959 0.511772 0.598482 0.71782 0.87902 0.859105 0.412692 0.572465 0.927322 0.826709 0.677826 0.569606 0.490415 0.430642 
31.2625 0.256057 0.275038 0.297302 0.323785 0.355804 0.395281 0.445087 0.509688 0.596173 0.715362 0.876895 0.859528 0.416286 0.575761 0.926619 0.824375 0.675393 0.567363 0.488396 0.428829 
31.3427 0.254976 0.27387 0.296036 0.322406 0.354291 0.393613 0.443235 0.507625 0.593887 0.712924 0.874778 0.859928 0.419903 0.579054 0.9259 0.822054 0.67298 0.565142 0.4864 0.427035 
31.4228 0.253908 0.272717 0.294786 0.321043 0.352797 0.391964 0.441405 0.505585 0.591623 0.710506 0.872667 0.860305 0.423544 0.582343 0.925167 0.819745 0.670589 0.562944 0.484425 0.425262 
31.503 0.252854 0.271579 0.293551 0.319696 0.351321 0.390334 0.439595 0.503567 0.589382 0.708108 0.870565 0.86066 0.427207 0.58563 0.92442 0.81745 0.66822 0.560769 0.482472 0.42351 
31.5832 0.251813 0.270455 0.292332 0.318367 0.349862 0.388724 0.437806 0.501571 0.587163 0.70573 0.86847 0.860993 0.430895 0.588913 0.92366 0.815169 0.665872 0.558617 0.480541 0.421778 
31.6633 0.250786 0.269346 0.291128 0.317054 0.348422 0.387133 0.436038 0.499597 0.584968 0.703374 0.866385 0.861306 0.434605 0.592193 0.922888 0.812902 0.663547 0.556488 0.478632 0.420066 
31.7435 0.249773 0.268251 0.28994 0.315757 0.346999 0.385562 0.434291 0.497645 0.582796 0.701039 0.86431 0.861598 0.438339 0.595469 0.922105 0.810651 0.661244 0.554381 0.476744 0.418374 
31.8236 0.248773 0.267171 0.288767 0.314478 0.345594 0.384009 0.432565 0.495717 0.580648 0.698726 0.862246 0.861872 0.442097 0.598742 0.921312 0.808415 0.658963 0.552298 0.474879 0.416703 
31.9038 0.247787 0.266105 0.28761 0.313215 0.344207 0.382477 0.43086 0.49381 0.578522 0.696434 0.860193 0.862126 0.445878 0.602011 0.92051 0.806195 0.656706 0.550239 0.473036 0.415053 
31.984 0.246815 0.265053 0.286468 0.311968 0.342838 0.380963 0.429175 0.491927 0.576421 0.694165 0.858151 0.862363 0.449683 0.605276 0.919699 0.803993 0.654472 0.548203 0.471215 0.413423 
32.0641 0.245856 0.264017 0.285342 0.310738 0.341487 0.379469 0.427512 0.490066 0.574344 0.691919 0.856122 0.862583 0.453511 0.608537 0.918881 0.801807 0.652261 0.54619 0.469416 0.411814 
32.1443 0.244911 0.262994 0.284231 0.309525 0.340154 0.377995 0.42587 0.488228 0.57229 0.689695 0.854107 0.862787 0.457363 0.611794 0.918056 0.799639 0.650074 0.544201 0.46764 0.410225 
32.2244 0.243979 0.261987 0.283135 0.308328 0.338839 0.37654 0.424249 0.486412 0.570261 0.687495 0.852105 0.862976 0.461239 0.615048 0.917226 0.79749 0.647911 0.542237 0.465886 0.408657 
32.3046 0.243061 0.260993 0.282056 0.307148 0.337542 0.375104 0.42265 0.48462 0.568256 0.685318 0.850118 0.86315 0.465138 0.618297 0.91639 0.795359 0.645772 0.540296 0.464154 0.407109 
32.3848 0.242157 0.260015 0.280992 0.305985 0.336263 0.373688 0.421071 0.482851 0.566275 0.683165 0.848146 0.86331 0.469061 0.621542 0.915551 0.793248 0.643657 0.538379 0.462445 0.405583 
32.4649 0.241267 0.259051 0.279943 0.304839 0.335002 0.372292 0.419514 0.481105 0.564319 0.681037 0.84619 0.863458 0.473008 0.624783 0.914709 0.791157 0.641568 0.536487 0.460759 0.404077 
32.5451 0.24039 0.258101 0.27891 0.303709 0.333759 0.370915 0.417979 0.479382 0.562388 0.678932 0.844251 0.863593 0.476979 0.62802 0.913866 0.789087 0.639503 0.534619 0.459095 0.402592 
32.6253 0.239527 0.257166 0.277892 0.302596 0.332534 0.369558 0.416465 0.477683 0.560482 0.676853 0.842329 0.863718 0.480974 0.631254 0.91302 0.787037 0.637464 0.532776 0.457454 0.401128 
32.7054 0.238678 0.256246 0.276891 0.3015 0.331327 0.368221 0.414972 0.476007 0.558601 0.674799 0.840424 0.863832 0.484994 0.634483 0.912175 0.785009 0.63545 0.530957 0.455836 0.399684 
32.7856 0.237843 0.25534 0.275905 0.30042 0.330139 0.366903 0.413501 0.474354 0.556746 0.672771 0.838538 0.863937 0.489037 0.637708 0.911331 0.783003 0.633463 0.529164 0.454241 0.398262 
32.8657 0.237021 0.254449 0.274934 0.299358 0.328968 0.365606 0.412052 0.472726 0.554916 0.670768 0.836672 0.864033 0.493104 0.64093 0.910488 0.78102 0.631501 0.527395 0.452669 0.396861 
32.9459 0.236214 0.253573 0.27398 0.298312 0.327817 0.364328 0.410624 0.471121 0.553112 0.668792 0.834825 0.864121 0.497196 0.644147 0.909648 0.77906 0.629565 0.525652 0.451121 0.395481 
33.0261 0.23542 0.252712 0.273041 0.297284 0.326683 0.36307 0.409218 0.46954 0.551333 0.666842 0.832999 0.864203 0.501312 0.647361 0.908811 0.777124 0.627657 0.523934 0.449595 0.394123 
33.1062 0.23464 0.251866 0.272118 0.296272 0.325568 0.361832 0.407834 0.467983 0.549581 0.664919 0.831193 0.864279 0.505452 0.650572 0.907979 0.775211 0.625775 0.522241 0.448093 0.392786 
33.1864 0.233875 0.251034 0.271211 0.295278 0.324471 0.360615 0.406473 0.466451 0.547855 0.663023 0.82941 0.864351 0.509617 0.653779 0.907152 0.773324 0.62392 0.520575 0.446615 0.39147 
33.2665 0.233123 0.250217 0.27032 0.294301 0.323393 0.359417 0.405133 0.464942 0.546156 0.661154 0.827649 0.864418 0.513806 0.656982 0.906332 0.771462 0.622093 0.518934 0.44516 0.390176 
33.3467 0.232385 0.249416 0.269445 0.293341 0.322334 0.35824 0.403816 0.463458 0.544483 0.659314 0.825911 0.864482 0.51802 0.660183 0.905519 0.769625 0.620294 0.517319 0.443729 0.388903 
33.4269 0.231662 0.248629 0.268586 0.292398 0.321293 0.357083 0.402521 0.461999 0.542838 0.657501 0.824197 0.864544 0.522259 0.663381 0.904714 0.767815 0.618523 0.51573 0.442321 0.387652 
33.507 0.230953 0.247858 0.267743 0.291473 0.320271 0.355947 0.401248 0.460565 0.541219 0.655718 0.822507 0.864606 0.526523 0.666576 0.903919 0.766032 0.61678 0.514168 0.440938 0.386423 
33.5872 0.230258 0.247101 0.266916 0.290564 0.319267 0.354831 0.399998 0.459155 0.539628 0.653963 0.820843 0.864667 0.530812 0.669769 0.903134 0.764276 0.615066 0.512633 0.439579 0.385215 
33.6673 0.229578 0.24636 0.266106 0.289674 0.318283 0.353736 0.39877 0.45777 0.538064 0.652237 0.819204 0.864729 0.535126 0.672959 0.90236 0.762549 0.613381 0.511124 0.438244 0.38403 
33.7475 0.228912 0.245635 0.265312 0.288801 0.317318 0.352661 0.397566 0.456411 0.536528 0.650541 0.817592 0.864792 0.539465 0.676148 0.901598 0.76085 0.611725 0.509643 0.436934 0.382867 
33.8277 0.22826 0.244924 0.264534 0.287946 0.316372 0.351608 0.396384 0.455077 0.535021 0.648875 0.816007 0.864859 0.54383 0.679335 0.90085 0.75918 0.610099 0.508188 0.435648 0.381726 
33.9078 0.227624 0.24423 0.263773 0.287108 0.315445 0.350575 0.395226 0.453768 0.533541 0.64724 0.814449 0.86493 0.54822 0.682521 0.900115 0.757539 0.608502 0.506761 0.434387 0.380608 
33.988 0.227002 0.24355 0.263029 0.286289 0.314537 0.349564 0.39409 0.452486 0.53209 0.645635 0.81292 0.865005 0.552636 0.685705 0.899396 0.755929 0.606937 0.505362 0.433152 0.379512 
34.0681 0.226394 0.242887 0.262301 0.285487 0.313649 0.348574 0.392978 0.451229 0.530668 0.644062 0.811421 0.865087 0.557078 0.68889 0.898694 0.75435 0.605401 0.503991 0.431941 0.378439 
34.1483 0.225802 0.242239 0.261591 0.284704 0.312781 0.347605 0.39189 0.449998 0.529275 0.64252 0.809951 0.865175 0.561546 0.692074 0.898008 0.752802 0.603897 0.502648 0.430755 0.377389 
34.2285 0.225225 0.241608 0.260897 0.283938 0.311932 0.346658 0.390825 0.448794 0.527911 0.64101 0.808512 0.865272 0.56604 0.695258 0.897341 0.751286 0.602424 0.501333 0.429595 0.376362 
34.3086 0.224662 0.240992 0.26022 0.283192 0.311103 0.345732 0.389784 0.447616 0.526577 0.639533 0.807105 0.865378 0.570561 0.698443 0.896693 0.749803 0.600983 0.500047 0.428461 0.375358 
34.3888 0.224115 0.240392 0.259561 0.282463 0.310295 0.344828 0.388768 0.446465 0.525272 0.638088 0.805729 0.865494 0.575108 0.701629 0.896066 0.748353 0.599574 0.49879 0.427353 0.374377 
34.4689 0.223584 0.239809 0.258919 0.281753 0.309506 0.343946 0.387775 0.445341 0.523998 0.636677 0.804387 0.865622 0.579682 0.704816 0.89546 0.746937 0.598197 0.497562 0.42627 0.37342 
34.5491 0.223068 0.239242 0.258294 0.281062 0.308738 0.343087 0.386807 0.444245 0.522755 0.635299 0.803078 0.865762 0.584284 0.708006 0.894877 0.745556 0.596853 0.496364 0.425215 0.372486 
34.6293 0.222568 0.238692 0.257688 0.28039 0.30799 0.34225 0.385864 0.443176 0.521542 0.633956 0.801803 0.865916 0.588912 0.711198 0.894317 0.74421 0.595543 0.495196 0.424185 0.371577 
34.7094 0.222083 0.238159 0.257099 0.279737 0.307262 0.341435 0.384946 0.442134 0.520361 0.632647 0.800564 0.866084 0.593569 0.714394 0.893782 0.742899 0.594266 0.494057 0.423183 0.370691 
34.7896 0.221614 0.237642 0.256527 0.279104 0.306556 0.340643 0.384052 0.441121 0.519211 0.631374 0.79936 0.866269 0.598253 0.717593 0.893273 0.741625 0.593023 0.492949 0.422208 0.369831 
34.8697 0.221162 0.237143 0.255974 0.27849 0.305871 0.339874 0.383184 0.440136 0.518093 0.630136 0.798193 0.866471 0.602965 0.720797 0.892791 0.740388 0.591815 0.491872 0.42126 0.368994 
34.9499 0.220726 0.23666 0.25544 0.277895 0.305207 0.339129 0.382342 0.439179 0.517007 0.628934 0.797064 0.866691 0.607706 0.724006 0.892337 0.739189 0.590642 0.490826 0.420339 0.368183 
35.0301 0.220306 0.236195 0.254924 0.27732 0.304564 0.338407 0.381526 0.438252 0.515954 0.627769 0.795973 0.866931 0.612476 0.72722 0.891912 0.738029 0.589505 0.489811 0.419447 0.367396 
35.1102 0.219903 0.235748 0.254426 0.276766 0.303943 0.337708 0.380735 0.437353 0.514933 0.626641 0.794921 0.867192 0.617275 0.730441 0.891518 0.736908 0.588403 0.488828 0.418583 0.366635 
35.1904 0.219517 0.235318 0.253948 0.276231 0.303344 0.337033 0.379972 0.436485 0.513947 0.625551 0.79391 0.867475 0.622103 0.73367 0.891155 0.735826 0.587338 0.487877 0.417747 0.3659 
35.2705 0.219148 0.234907 0.253489 0.275717 0.302767 0.336383 0.379234 0.435646 0.512994 0.6245 0.792939 0.867781 0.626962 0.736906 0.890826 0.734786 0.58631 0.486959 0.41694 0.36519 
35.3507 0.218796 0.234514 0.253049 0.275224 0.302213 0.335757 0.378524 0.434837 0.512075 0.623487 0.792011 0.868112 0.63185 0.740152 0.890531 0.733787 0.585319 0.486074 0.416163 0.364507 
35.4309 0.218461 0.234139 0.252628 0.274752 0.301681 0.335156 0.377842 0.434059 0.511191 0.622514 0.791125 0.868469 0.63677 0.743407 0.890271 0.732831 0.584367 0.485222 0.415415 0.36385 
35.511 0.218145 0.233783 0.252228 0.274301 0.301172 0.33458 0.377187 0.433312 0.510342 0.621581 0.790283 0.868854 0.64172 0.746673 0.890048 0.731918 0.583453 0.484405 0.414697 0.36322 
35.5912 0.217846 0.233446 0.251847 0.273872 0.300687 0.334029 0.37656 0.432597 0.509529 0.620689 0.789486 0.869267 0.646702 0.74995 0.889862 0.731049 0.582578 0.483621 0.414009 0.362617 
35.6713 0.217566 0.233128 0.251488 0.273464 0.300225 0.333504 0.375961 0.431913 0.508753 0.619838 0.788734 0.869711 0.651716 0.753239 0.889717 0.730225 0.581743 0.482872 0.413353 0.362042 
35.7515 0.217304 0.23283 0.251148 0.273079 0.299787 0.333005 0.375392 0.431262 0.508013 0.619029 0.788029 0.870186 0.656763 0.756543 0.889612 0.729446 0.580949 0.482159 0.412727 0.361495 
35.8317 0.217061 0.232551 0.25083 0.272716 0.299373 0.332532 0.374851 0.430643 0.50731 0.618264 0.787372 0.870695 0.661843 0.75986 0.889549 0.728715 0.580196 0.481481 0.412133 0.360975 
35.9118 0.216837 0.232293 0.250533 0.272376 0.298984 0.332087 0.37434 0.430058 0.506645 0.617542 0.786764 0.871238 0.666957 0.763194 0.889529 0.728031 0.579485 0.48084 0.411571 0.360485 
35.992 0.216633 0.232055 0.250258 0.272059 0.298619 0.331668 0.373859 0.429506 0.506019 0.616864 0.786206 0.871817 0.672105 0.766544 0.889555 0.727395 0.578816 0.480236 0.411041 0.360024 
36.0721 0.216449 0.231838 0.250005 0.271766 0.29828 0.331277 0.373409 0.428989 0.505432 0.616232 0.785699 0.872434 0.677288 0.769912 0.889627 0.72681 0.57819 0.479669 0.410544 0.359592 
36.1523 0.216284 0.231642 0.249774 0.271496 0.297967 0.330914 0.37299 0.428506 0.504884 0.615645 0.785244 0.873091 0.682506 0.773299 0.889748 0.726275 0.577609 0.479141 0.410081 0.359191 
36.2325 0.21614 0.231467 0.249566 0.271251 0.29768 0.33058 0.372602 0.428059 0.504377 0.615105 0.784843 0.873788 0.687761 0.776707 0.889918 0.725791 0.577072 0.478651 0.409653 0.35882 
36.3126 0.216017 0.231315 0.249382 0.27103 0.29742 0.330275 0.372246 0.427648 0.503911 0.614614 0.784497 0.874529 0.693053 0.780136 0.890139 0.725361 0.576581 0.4782 0.409258 0.35848 
36.3928 0.215916 0.231185 0.24922 0.270835 0.297186 0.329999 0.371923 0.427273 0.503487 0.61417 0.784206 0.875313 0.698382 0.783589 0.890413 0.724985 0.576136 0.47779 0.408899 0.358171 
36.4729 0.215836 0.231078 0.249083 0.270665 0.29698 0.329753 0.371633 0.426936 0.503105 0.613777 0.783973 0.876144 0.70375 0.787065 0.890741 0.724663 0.575738 0.47742 0.408576 0.357895 
36.5531 0.215778 0.230993 0.248971 0.270522 0.296803 0.329538 0.371376 0.426636 0.502767 0.613434 0.783798 0.877023 0.709158 0.790568 0.891126 0.724399 0.575389 0.477092 0.40829 0.357651 
36.6333 0.215743 0.230933 0.248883 0.270405 0.296654 0.329354 0.371155 0.426375 0.502473 0.613142 0.783684 0.877952 0.714605 0.794099 0.891569 0.724191 0.575089 0.476806 0.40804 0.357441 
36.7134 0.215731 0.230897 0.248821 0.270315 0.296534 0.329201 0.370968 0.426153 0.502224 0.612903 0.783631 0.878933 0.720094 0.797658 0.892072 0.724043 0.574839 0.476564 0.407829 0.357264 
36.7936 0.215743 0.230886 0.248785 0.270253 0.296443 0.329081 0.370816 0.425972 0.502021 0.612718 0.783641 0.879967 0.725624 0.801248 0.892637 0.723955 0.574641 0.476365 0.407656 0.357123 
36.8737 0.215779 0.2309 0.248776 0.270219 0.296384 0.328994 0.370701 0.425831 0.501865 0.612588 0.783716 0.881057 0.731198 0.804871 0.893266 0.723929 0.574494 0.476212 0.407522 0.357016 
36.9539 0.21584 0.23094 0.248794 0.270214 0.296355 0.328941 0.370624 0.425732 0.501757 0.612514 0.783857 0.882205 0.736816 0.808527 0.89396 0.723966 0.574401 0.476104 0.407429 0.356946 
37.0341 0.215927 0.231006 0.24884 0.270239 0.296358 0.328922 0.370584 0.425676 0.501697 0.612497 0.784066 0.883414 0.742478 0.81222 0.894723 0.724068 0.574363 0.476043 0.407377 0.356912 
37.1142 0.216039 0.2311 0.248915 0.270294 0.296394 0.328939 0.370583 0.425663 0.501688 0.61254 0.784345 0.884684 0.748187 0.81595 0.895555 0.724236 0.57438 0.476029 0.407367 0.356916 
37.1944 0.216178 0.231222 0.249018 0.27038 0.296462 0.328991 0.370622 0.425695 0.501729 0.612642 0.784695 0.886019 0.753944 0.819721 0.89646 0.724472 0.574454 0.476065 0.407399 0.356958 
37.2745 0.216345 0.231372 0.249152 0.270498 0.296565 0.32908 0.370701 0.425772 0.501823 0.612805 0.785119 0.887421 0.759749 0.823533 0.897439 0.724778 0.574587 0.476151 0.407476 0.35704 
37.3547 0.21654 0.231551 0.249317 0.270648 0.296702 0.329207 0.370822 0.425895 0.50197 0.613032 0.785618 0.888893 0.765604 0.827389 0.898496 0.725155 0.574779 0.476287 0.407597 0.357162 
37.4349 0.216764 0.231761 0.249513 0.270832 0.296876 0.329373 0.370985 0.426067 0.502172 0.613323 0.786195 0.890436 0.77151 0.831292 0.899631 0.725606 0.575033 0.476476 0.407765 0.357325 
37.515 0.217018 0.232002 0.249742 0.27105 0.297086 0.329578 0.371192 0.426287 0.50243 0.61368 0.78685 0.892054 0.77747 0.835243 0.900849 0.726131 0.57535 0.476719 0.407979 0.357531 
37.5952 0.217303 0.232275 0.250004 0.271304 0.297333 0.329824 0.371444 0.426557 0.502745 0.614105 0.787588 0.893749 0.783483 0.839245 0.902152 0.726734 0.57573 0.477017 0.408242 0.35778 
37.6754 0.217619 0.232581 0.250301 0.271593 0.297619 0.330112 0.371741 0.426879 0.50312 0.614599 0.78841 0.895525 0.789552 0.8433 0.903541 0.727416 0.576177 0.477371 0.408554 0.358073 
37.7555 0.217968 0.23292 0.250633 0.271921 0.297945 0.330442 0.372086 0.427253 0.503554 0.615165 0.789318 0.897383 0.795678 0.847412 0.905022 0.72818 0.576691 0.477782 0.408917 0.358412 
37.8357 0.218352 0.233295 0.251002 0.272286 0.298312 0.330817 0.372479 0.427681 0.504051 0.615804 0.790315 0.899327 0.801863 0.851582 0.906595 0.729028 0.577275 0.478254 0.409333 0.358799 
37.9158 0.21877 0.233706 0.251408 0.272691 0.298721 0.331237 0.372922 0.428165 0.504612 0.616518 0.791403 0.901361 0.808109 0.855813 0.908265 0.729961 0.57793 0.478786 0.409802 0.359233 
37.996 0.219225 0.234155 0.251853 0.273137 0.299174 0.331704 0.373415 0.428707 0.505238 0.61731 0.792586 0.903487 0.814418 0.860109 0.910034 0.730984 0.578659 0.479381 0.410326 0.359717 
38.0762 0.219717 0.234642 0.252339 0.273626 0.299671 0.33222 0.373962 0.429307 0.505931 0.618182 0.793866 0.905709 0.820791 0.864472 0.911907 0.732098 0.579463 0.48004 0.410907 0.360252 
38.1563 0.220248 0.235169 0.252866 0.274158 0.300215 0.332784 0.374563 0.429967 0.506694 0.619136 0.795246 0.90803 0.827231 0.868905 0.913886 0.733306 0.580346 0.480766 0.411546 0.36084 
38.2365 0.220819 0.235738 0.253436 0.274735 0.300806 0.333401 0.37522 0.43069 0.507529 0.620174 0.796729 0.910454 0.833739 0.873412 0.915975 0.734611 0.581308 0.48156 0.412246 0.361483 
38.3166 0.221433 0.23635 0.254052 0.275359 0.301447 0.33407 0.375934 0.431478 0.508437 0.621299 0.798319 0.912985 0.840319 0.877996 0.918177 0.736016 0.582352 0.482425 0.413008 0.362182 
38.3968 0.22209 0.237007 0.254713 0.276031 0.302139 0.334794 0.376709 0.432332 0.509421 0.622515 0.800018 0.915627 0.846971 0.882661 0.920498 0.737524 0.583482 0.483363 0.413834 0.362939 
38.477 0.222793 0.237711 0.255423 0.276754 0.302884 0.335574 0.377545 0.433254 0.510483 0.623823 0.801832 0.918385 0.853699 0.88741 0.922941 0.739139 0.5847 0.484376 0.414726 0.363755 
38.5571 0.223543 0.238464 0.256183 0.277529 0.303684 0.336414 0.378445 0.434248 0.511626 0.625226 0.803762 0.921261 0.860504 0.892247 0.925511 0.740864 0.586008 0.485466 0.415687 0.364634 
38.6373 0.224343 0.239267 0.256995 0.278358 0.304541 0.337314 0.379411 0.435315 0.512854 0.626729 0.805814 0.924262 0.867391 0.897176 0.928212 0.742703 0.58741 0.486636 0.416719 0.365578 
38.7174 0.225195 0.240123 0.257862 0.279244 0.305457 0.338278 0.380445 0.436457 0.514167 0.628334 0.807992 0.927391 0.87436 0.902201 0.931048 0.744659 0.588909 0.48789 0.417824 0.366588 
38.7976 0.226102 0.241034 0.258785 0.280189 0.306436 0.339307 0.381551 0.437679 0.515571 0.630044 0.8103 0.930655 0.881416 0.907328 0.934026 0.746738 0.590508 0.489229 0.419005 0.367668 
38.8778 0.227065 0.242004 0.259768 0.281195 0.307479 0.340405 0.382731 0.438982 0.517067 0.631865 0.812742 0.934057 0.888561 0.912559 0.93715 0.748942 0.592211 0.490658 0.420266 0.368819 
38.9579 0.228089 0.243035 0.260814 0.282266 0.308589 0.341574 0.383988 0.44037 0.51866 0.633798 0.815324 0.937605 0.895798 0.917901 0.940425 0.751277 0.594021 0.492179 0.421609 0.370046 
39.0381 0.229175 0.244129 0.261925 0.283404 0.309769 0.342817 0.385324 0.441847 0.520353 0.63585 0.81805 0.941302 0.903131 0.923357 0.943859 0.753747 0.595944 0.493796 0.423037 0.371351 
39.1182 0.230329 0.245291 0.263104 0.284613 0.311023 0.344138 0.386744 0.443415 0.522149 0.638024 0.820927 0.945156 0.910562 0.928934 0.947456 0.756358 0.597982 0.495512 0.424554 0.372737 
39.1984 0.231552 0.246524 0.264356 0.285895 0.312354 0.34554 0.388251 0.445078 0.524054 0.640325 0.82396 0.949174 0.918097 0.934637 0.951223 0.759115 0.60014 0.497333 0.426164 0.374208 
39.2786 0.23285 0.247832 0.265684 0.287256 0.313765 0.347027 0.389849 0.446841 0.526071 0.642757 0.827155 0.95336 0.925737 0.940471 0.955168 0.762024 0.602424 0.499261 0.42787 0.375768 
39.3587 0.234227 0.249219 0.267092 0.288699 0.315262 0.348603 0.391542 0.448709 0.528206 0.645328 0.830519 0.957724 0.933488 0.946443 0.959298 0.765091 0.604838 0.501302 0.429677 0.377421 
39.4389 0.235688 0.250691 0.268585 0.290229 0.316848 0.350273 0.393335 0.450685 0.530462 0.648041 0.834058 0.962272 0.941353 0.952558 0.963619 0.768322 0.607389 0.503461 0.43159 0.379172 
39.519 0.237237 0.252251 0.270169 0.29185 0.318528 0.352041 0.395233 0.452774 0.532847 0.650904 0.83778 0.967013 0.949337 0.958824 0.968141 0.771724 0.61008 0.505743 0.433614 0.381025 
39.5992 0.238883 0.253907 0.271848 0.293569 0.320308 0.353913 0.39724 0.454983 0.535365 0.653922 0.841693 0.971954 0.957444 0.965248 0.972872 0.775305 0.61292 0.508153 0.435754 0.382986 
39.6794 0.24063 0.255665 0.273629 0.295391 0.322193 0.355894 0.399363 0.457318 0.538023 0.657103 0.845804 0.977104 0.965679 0.971836 0.977821 0.779072 0.615915 0.510699 0.438015 0.385061 
39.7595 0.242487 0.257532 0.275519 0.297322 0.324191 0.357991 0.401608 0.459784 0.540827 0.660454 0.850124 0.982474 0.974046 0.978597 0.982997 0.783034 0.619071 0.513385 0.440405 0.387255 
39.8397 0.244461 0.259515 0.277525 0.299371 0.326307 0.360211 0.403982 0.462389 0.543786 0.663984 0.854661 0.988073 0.982552 0.985539 0.988412 0.7872 0.622398 0.516221 0.442931 0.389576 
39.9198 0.246563 0.261624 0.279657 0.301545 0.328551 0.362561 0.406493 0.46514 0.546906 0.6677 0.859425 0.993911 0.991201 0.99267 0.994076 0.791579 0.625902 0.519212 0.445599 0.392032 
40 0.248801 0.263868 0.281923 0.303854 0.33093 0.365051 0.409148 0.468045 0.550197 0.671613 0.864428 1 1 1 1 0.796181 0.629594 0.522369 0.448418 0.39463 

